cat ~/1058latency.txt
Random waveform, supplied seed
Total number of intervals = 180 (5031, 54838, 74868, 30015, 40743, 23648, 97712, 53672, 55395, 29425, 15173, 82475, 90555, 47944, 28313, 28504, 22886, 35717, 14828, 81704, 55771, 85226, 75020, 12441, 56208, 17446, 86943, 49138, 49839, 47752, 27181, 6170, 7187, 99387, 91970, 79658, 59230, 78081, 64242, 37702, 40686, 30376, 38416, 65892, 39560, 10016, 55224, 19982, 48114, 36283, 23315, 11150, 98724, 56880, 13467, 99368, 46206, 71651, 22741, 56654, 99570, 23047, 70008, 42943, 46704, 75970, 21917, 82027, 81583, 14259, 7821, 17727, 65559, 41133, 28693, 53141, 54512, 14835, 98446, 38117, 77994, 30209, 68315, 91940, 49308, 46880, 92540, 49396, 97841, 35404, 80451, 87228, 75554, 57964, 83546, 55468, 34203, 37629, 34577, 47426, 58845, 66993, 10977, 51529, 48344, 5902, 71602, 41886, 47456, 93939, 16890, 45689, 32790, 44044, 28149, 39739, 72475, 93882, 6692, 50406, 83055, 55609, 16968, 43031, 17236, 82183, 42212, 12244, 61777, 36984, 29093, 41715, 34838, 63574, 24401, 32025, 98971, 23657, 67877, 53849, 79536, 17081, 39024, 26125, 33388, 20979, 95865, 73949, 60987, 54175, 51484, 39771, 32864, 42033, 43808, 45785, 35582, 38504, 15320, 74264, 43890, 5962, 38365, 55971, 23217, 87681, 91728, 96668, 80475, 27150, 53444, 23737, 87776, 82175, 98548, 37704, 64701, 69089, 89785, 16676)
Average QPS expected = 50230
Timestamp start: 1653382901530
Timestamp end: 1653384701941

#type       avg     std     min      p5     p10     p50     p67     p75     p80     p85     p90     p95     p99    p999   p9999      QPS   target
read      321.8   452.1   101.3   166.8   195.1   291.3   330.8   354.3   371.1   392.2   419.3   464.4   622.3  5594.5 18608.5   5050.2     5031
read      411.4   987.7    80.4   138.7   157.0   312.0   396.5   442.9   475.7   516.5   573.5   677.6  1766.3 13241.0 35714.6  54806.8    54838
read      350.3   402.7    86.8   138.8   156.4   299.2   379.7   427.6   462.9   505.5   566.5   675.2   980.7  4054.7 13354.2  74909.2    74868
read      448.1   392.7    86.8   142.6   163.0   378.5   500.7   588.1   661.5   738.5   827.8   965.4  1252.2  3104.9 12270.8  30090.9    30015
read      480.0   596.3    80.4   136.1   155.6   333.4   454.0   538.1   637.9   824.2  1056.9  1326.8  1789.7  6145.6 24599.9  40823.8    40743
read      444.6   441.3    86.8   145.8   167.3   386.6   502.3   585.5   648.4   712.8   785.4   893.5  1117.9  4697.4 17138.3  23664.6    23648
read      422.2   626.0    86.8   147.8   170.1   332.7   416.4   469.2   512.4   571.3   659.4   861.4  1794.4  8946.6 30752.0  97732.6    97712
read      354.1   374.8    86.8   135.8   153.1   307.6   393.4   441.1   474.7   517.0   576.9   680.0   967.4  4190.1 13410.6  53717.7    53672
read      357.3   379.2    86.8   136.1   153.9   310.6   396.6   443.8   478.1   521.0   580.0   679.7   966.6  4421.4 13628.3  55382.5    55395
read      441.2   377.8    86.8   141.6   161.9   372.0   490.6   579.3   654.2   730.8   815.3   949.6  1221.3  3227.3 12623.7  29358.5    29425
read      389.2   320.8    86.8   144.7   165.6   359.6   448.5   504.5   544.1   587.1   634.1   701.4   851.3  2595.1  9449.9  15186.0    15173
read      407.8   619.8    86.8   141.0   160.8   316.6   399.2   450.4   490.6   543.4   628.1   825.3  1869.5  8539.5 30818.9  82335.1    82475
read      336.7   374.9    80.4   137.2   154.8   291.3   365.0   408.9   442.3   482.9   538.5   637.3   928.6  3745.4 12697.1  90658.0    90555
read      462.3   516.8    86.8   134.8   153.8   316.5   416.4   488.4   552.1   702.5  1074.2  1476.9  1930.6  4441.9 12374.1  47890.8    47944
read      445.4   410.2    86.8   143.1   163.4   378.2   498.0   588.5   660.2   731.0   810.7   938.5  1182.0  3617.2 12557.0  28375.6    28313
read      465.4   329.2    80.4   145.3   166.2   400.8   531.8   627.4   703.7   780.4   864.8   993.9  1246.9  2559.0  8738.7  28506.6    28504
read      449.0   345.8    86.8   145.6   166.2   398.7   518.8   604.7   669.0   733.3   801.5   902.6  1098.9  2743.2 13140.4  22957.6    22886
read      460.8   387.9    86.8   142.0   161.6   372.5   508.5   617.3   707.0   790.6   885.7  1038.3  1362.3  3101.4 11982.3  35757.9    35717
read      397.4   400.3    93.8   145.1   166.6   362.7   454.3   514.0   556.1   600.6   649.7   718.6   871.3  2924.0 14404.7  14775.1    14828
read      420.6   723.7    80.4   140.8   160.8   315.9   399.2   451.6   491.9   544.9   629.4   862.6  1880.1  9297.5 31649.0  81875.3    81704
read      353.9   437.7    80.4   138.2   155.8   306.1   390.5   436.2   468.9   507.8   561.9   658.0   964.1  4788.8 17087.9  55691.9    55771
read      342.3   368.1    86.8   139.5   157.7   295.8   371.9   416.9   450.2   490.7   545.5   644.2   948.3  4110.1 15366.4  84997.8    85226
read      347.2   334.4    86.8   138.0   155.6   299.5   380.1   427.3   462.1   504.7   565.4   670.9   980.9  3580.7 11451.7  75045.7    75020
read      381.5   302.2    93.8   148.7   171.7   350.2   431.0   484.1   520.8   560.7   606.1   672.3   830.1  3202.6 12333.2  12435.9    12441
read      401.1   725.3    80.4   137.3   155.5   313.8   400.3   449.0   485.2   531.3   597.3   729.8  1786.0  9709.5 31428.9  56188.2    56208
read      408.2   456.7    86.8   143.4   164.0   366.0   460.2   524.5   571.7   619.5   674.1   748.5   937.8  5151.8 16247.9  17444.6    17446
read      418.7   684.6    86.8   142.1   162.2   318.8   402.4   455.9   498.0   553.7   639.1   857.0  1902.2  8132.5 31086.4  86921.8    86943
read      466.3   506.8    80.4   136.7   156.3   320.0   420.2   494.5   564.7   716.9  1070.1  1484.2  1947.7  3939.4 13268.0  49183.2    49138
read      469.3   523.7    86.8   136.2   155.5   316.1   417.6   493.2   566.8   750.1  1108.8  1497.1  1958.5  4165.1 16413.1  49792.1    49839
read      484.8   535.5    86.8   138.5   158.1   325.9   431.5   509.0   590.2   802.5  1140.8  1517.6  2001.7  4652.9 14421.5  47766.9    47752
read      450.4   450.7    86.8   144.0   164.4   377.7   498.9   591.0   664.4   737.8   823.2   962.7  1241.6  4062.5 12892.7  27241.7    27181
read      333.9   307.8    93.8   164.9   188.7   307.6   357.9   387.4   407.8   433.5   467.2   518.1   647.3  4304.1 10209.4   6172.2     6170
read      342.9   391.2    93.8   162.9   187.1   318.1   374.0   405.8   429.6   456.7   490.3   540.5   660.6  4004.7 18666.3   7221.4     7187
read      434.2   640.6    86.8   149.0   172.3   337.4   428.0   484.8   529.7   588.0   678.2   904.5  1782.1  9292.3 30213.4  99141.7    99387
read      348.8   335.7    86.8   140.7   159.3   302.2   381.6   428.3   463.2   505.7   566.2   668.1   951.9  3653.7 12315.9  92014.7    91970
read      352.3   376.5    80.4   138.6   156.5   302.7   383.8   430.8   465.9   509.5   573.4   680.4   989.1  3838.9 12657.4  79752.4    79658
read      349.9   364.2    80.4   136.2   153.7   303.7   387.7   434.0   467.1   507.7   565.3   663.7   952.4  4046.9 11746.2  59162.6    59230
read      353.1   364.9    80.4   137.9   155.4   301.6   384.1   431.8   468.0   513.5   579.3   688.1  1017.5  3844.7 13244.8  78128.7    78081
read      353.7   412.9    80.4   138.1   155.5   305.0   388.1   434.1   467.3   507.8   566.1   668.2   991.7  4510.4 12763.7  64247.1    64242
read      495.4   719.9    86.8   138.3   158.0   346.2   469.6   564.5   675.6   827.1  1014.6  1264.4  1847.0  8471.7 31002.6  37684.4    37702
read      477.8   528.9    86.8   134.2   153.2   327.8   443.8   525.9   620.7   861.3  1108.1  1392.6  1814.7  5224.5 15132.3  40720.8    40686
read      459.8   457.9    86.8   143.0   163.8   382.5   508.4   604.4   680.3   754.5   846.4   987.6  1272.8  5087.1 15871.3  30331.0    30376
read      502.5   735.0    86.8   139.6   159.8   355.6   489.1   589.6   703.1   838.6  1012.1  1253.3  1806.4  9637.5 31639.4  38403.4    38416
read      362.5   408.1    86.8   138.0   155.8   308.7   393.8   442.8   478.7   523.4   586.1   699.7  1162.4  3864.3 13744.3  65879.8    65892
read      491.7   655.1    86.8   138.8   158.9   340.1   460.9   546.6   641.9   845.1  1075.7  1350.5  1804.0  7984.6 30231.7  39595.0    39560
read      383.7   472.2    93.8   157.5   182.8   347.1   423.9   468.2   499.5   534.8   577.8   636.9   791.6  6045.5 24495.1  10076.4    10016
read      418.5   784.3    86.8   140.0   158.9   319.4   406.9   455.3   491.1   536.5   606.4   764.9  1912.7  9801.6 31704.8  55271.3    55224
read      437.4   325.5    86.8   147.9   168.7   390.7   502.2   581.5   640.7   703.1   770.2   868.6  1061.0  2704.3 10521.3  20055.7    19982
read      489.7   635.8    86.8   138.1   157.5   323.8   431.0   511.0   590.3   790.2  1122.9  1535.4  2011.0  6504.1 27163.9  48092.7    48114
read      481.0   565.2    86.8   143.4   163.6   377.0   516.6   622.2   710.3   798.0   911.0  1077.4  1517.1  6953.5 29250.0  36204.5    36283
read      433.6   329.2    86.8   149.0   169.7   388.2   496.4   569.8   626.7   687.0   754.8   858.0  1072.7  2884.8 13021.8  23384.6    23315
read      377.9   404.1    93.8   153.7   178.5   347.7   426.0   471.4   505.1   540.8   583.3   640.6   771.6  3823.8 14957.4  11192.9    11150
read      418.9   629.3    86.8   150.0   172.5   331.7   413.6   464.5   504.8   558.9   641.3   837.4  1783.1  9378.0 30169.0  98701.0    98724
read      361.1   390.5    80.4   139.3   157.5   309.4   395.0   441.2   473.7   514.3   572.1   678.9  1170.4  4354.7 12879.4  56976.8    56880
read      407.4   453.6    93.8   151.2   174.0   366.5   455.8   515.1   555.2   598.9   646.3   718.9   889.9  5834.2 15666.2  13503.5    13467
read      485.4   537.3    86.8   159.2   187.1   389.9   506.2   578.5   632.8   703.7   813.0  1077.9  1847.0  6255.5 20914.7  99211.7    99368
read      478.9   583.8    86.8   140.8   160.8   332.8   435.3   504.6   567.9   691.4  1044.1  1519.0  2014.8  5665.3 17415.5  46201.2    46206
read      367.8   395.6    86.8   140.6   159.2   305.8   389.9   439.4   476.2   523.6   592.5   728.0  1469.0  4025.2 12568.5  71630.7    71651
read      449.5   419.1    86.8   148.1   169.8   389.1   504.9   589.4   655.7   724.1   800.6   915.6  1160.5  3548.8 13827.8  22700.8    22741
read      400.8   662.6    86.8   140.8   159.3   319.5   410.7   461.4   499.6   548.2   624.2   761.1  1733.0  8448.6 31696.4  56770.2    56654
read      417.7   402.5    86.8   151.1   173.9   347.3   449.9   515.2   568.3   633.1   720.6   872.7  1312.6  3945.9 12705.0  99627.4    99570
read      460.5   459.5    86.8   149.7   172.0   396.6   513.5   597.5   668.3   740.8   824.3   940.5  1173.5  4065.3 14619.0  23195.9    23047
read      420.1   613.6    86.8   147.2   166.9   326.9   419.5   472.9   515.3   572.3   661.2   845.5  1907.7  7441.5 30359.8  70020.6    70008
read      483.9   551.5    86.8   140.3   160.4   336.8   450.9   529.9   609.6   782.9  1079.7  1446.2  1882.8  5037.7 18476.2  43070.0    42943
read      490.5   599.5    86.8   138.9   159.2   328.5   436.7   517.1   593.3   795.4  1135.3  1542.0  1999.8  5316.2 20287.6  46663.2    46704
read      365.3   393.5    86.8   141.6   160.5   307.1   389.9   438.4   474.2   520.7   587.2   714.4  1274.6  3792.0 13614.4  76041.7    75970
read      430.2   406.1    80.4   147.7   168.3   379.2   484.0   559.2   617.4   679.2   747.4   850.6  1062.6  4255.7 12829.7  21900.3    21917
read      426.8   617.5    86.8   146.3   167.2   330.0   417.5   470.5   512.5   569.8   658.4   893.5  1908.9  7446.9 30413.5  82080.4    82027
read      343.0   377.9    80.4   140.1   158.3   295.4   371.8   417.0   450.2   490.1   544.1   645.0   952.9  3764.1 13647.7  81333.6    81583
read      405.3   411.3    86.8   151.6   174.9   366.5   453.2   512.4   555.5   600.2   652.4   729.2   904.0  4611.2 17899.0  14370.6    14259
read      353.1   267.2   101.3   163.7   189.2   328.9   392.0   428.4   454.5   484.1   520.8   575.3   692.2  3437.3 10941.4   7803.4     7821
read      449.6   346.7    93.8   160.8   188.1   399.9   509.4   584.8   636.5   690.4   754.7   856.6  1059.9  3650.4 13004.4  17656.9    17727
read      448.8   816.9    80.4   142.5   162.4   322.9   412.2   464.3   504.5   560.5   656.3   980.7  2650.6  9341.4 31822.8  65571.6    65559
read      491.3   534.8    86.8   140.7   161.5   342.2   461.0   541.6   623.6   811.5  1102.6  1455.5  1881.1  5522.3 15337.4  41191.7    41133
read      550.9   780.7    86.8   145.2   166.8   397.2   541.2   656.3   753.3   859.4   994.7  1269.0  3274.6  7677.2 30947.2  28637.7    28693
read      370.4   405.8    86.8   140.4   159.3   313.4   400.9   447.3   480.4   521.9   582.0   706.7  1494.1  4122.0 12878.0  53144.9    53141
read      361.3   404.0    86.8   139.8   157.6   313.2   400.7   448.2   481.7   522.4   579.8   680.5  1006.0  3657.8 13996.8  54529.3    54512
read      446.8   820.4    86.8   144.0   165.7   380.8   469.1   526.7   567.7   615.1   673.4   769.8  1327.3 11200.0 31605.5  14771.0    14835
read      387.7   447.9    80.4   146.7   167.6   317.6   397.0   445.2   482.6   531.8   604.9   760.3  1733.6  4216.5 13737.0  98416.1    98446
read      479.4   525.8    86.8   139.0   159.1   339.1   457.0   536.8   621.0   810.4  1066.5  1385.3  1767.0  5026.3 13916.2  38095.5    38117
read      404.1   453.0    86.8   146.3   166.5   325.6   413.5   465.2   505.6   559.5   643.4   833.1  1818.2  4249.6 16596.9  78218.3    77994
read      488.7   619.0    86.8   140.0   159.8   357.1   476.5   560.3   673.8   865.2  1027.0  1216.7  1626.3  6965.6 30190.8  30213.3    30209
read      367.7   369.3    80.4   141.7   160.7   310.8   395.6   444.2   479.8   525.7   592.4   726.2  1308.1  3598.9 13697.8  68243.2    68315
read      362.4   376.7    86.8   145.9   165.7   312.0   393.2   440.1   475.3   520.4   583.0   690.2  1020.3  4194.8 12880.5  91885.6    91940
read      471.1   542.6    86.8   140.9   161.3   328.2   430.7   499.3   559.8   675.1   997.0  1517.3  2023.5  4570.1 15843.9  49305.6    49308
read      491.4   605.6    86.8   141.1   161.9   333.9   447.7   529.0   607.2   791.1  1099.6  1501.1  1969.7  5591.7 20863.4  46879.1    46880
read      394.2   427.3    86.8   147.6   168.6   322.5   406.4   456.2   494.4   543.8   621.7   785.4  1753.7  4458.0 12910.6  92450.6    92540
read      477.0   518.6    86.8   141.8   162.7   331.5   437.2   513.5   584.9   737.1  1043.3  1475.2  1973.7  4254.5 12859.3  49416.7    49396
read      401.7   415.8    80.4   148.8   170.2   326.7   413.9   466.7   508.9   565.7   646.5   830.0  1726.3  4282.5 14313.5  97673.4    97841
read      480.0   623.9    80.4   137.4   156.7   337.6   453.8   531.6   619.2   830.9  1052.2  1330.9  1728.7  6652.6 30321.7  35340.8    35404
read      381.6   460.9    86.8   141.0   160.3   309.3   391.9   440.5   476.9   525.2   598.2   760.7  1726.7  4655.1 15671.5  80471.2    80451
read      348.4   340.6    86.8   141.3   159.6   300.0   379.3   425.4   459.1   500.9   560.1   669.6   997.9  3390.0 12166.6  87240.4    87228
read      359.0   376.9    80.4   143.2   162.1   306.8   390.6   438.1   473.3   518.0   582.4   697.2  1019.8  4018.3 12565.5  75493.0    75554
read      358.5   402.6    80.4   139.5   157.3   309.8   396.1   443.3   477.2   519.4   578.8   683.7   997.3  4002.7 13962.4  57976.1    57964
read      346.1   370.7    86.8   139.7   157.8   297.0   375.0   420.9   454.9   496.9   555.2   664.6   976.5  3955.7 13704.2  83503.9    83546
read      366.4   388.2    86.8   139.5   157.6   315.8   405.3   454.7   490.5   535.5   599.3   709.2  1037.1  3785.0 15162.0  55517.0    55468
read      477.7   608.8    86.8   134.7   153.2   331.8   448.5   527.4   619.4   856.5  1068.6  1342.7  1735.4  6336.3 30399.2  34225.3    34203
read      487.2   640.7    86.8   136.2   155.9   334.3   452.8   536.4   635.8   871.1  1083.5  1366.1  1790.9  7046.5 30401.3  37672.5    37629
read      490.5   616.4    86.8   137.7   157.4   344.0   467.9   555.7   670.7   892.1  1071.5  1322.1  1726.4  7184.7 24221.9  34504.9    34577
read      473.2   504.1    80.4   136.9   156.3   319.4   421.6   498.4   569.1   759.0  1130.8  1521.6  1934.9  3733.7 14464.2  47615.3    47426
read      362.3   351.4    86.8   138.9   157.0   311.3   396.4   443.6   478.7   522.5   582.8   691.6  1277.3  3834.2 12164.8  58849.4    58845
read      357.5   389.1    80.4   139.2   157.4   308.4   392.4   438.5   472.6   515.4   577.8   686.4  1019.0  3458.7 14982.2  66928.7    66993
read      430.2   979.0    80.4   144.4   168.2   349.5   422.0   466.7   499.8   537.7   586.4   667.7  1828.5 11320.9 33829.4  10996.8    10977
read      443.7   584.5    86.8   140.8   160.8   327.3   421.5   481.5   530.9   602.9   756.2  1296.8  1973.5  6154.5 25261.6  51582.7    51529
read      422.4   408.2    80.4   141.0   161.0   327.9   422.4   480.0   527.1   592.8   732.9  1147.6  1766.1  3627.9 11481.2  48236.9    48344
read      368.0   918.4    93.8   157.7   182.0   303.4   346.5   370.8   389.7   412.3   445.0   505.8  1413.5  9951.9 32421.6   5894.6     5902
read      363.2   375.1    86.8   139.8   159.0   307.2   387.3   432.9   466.2   505.7   562.4   683.7  1544.4  4028.8 11950.4  71490.9    71602
read      458.9   441.5    80.4   138.6   159.4   336.7   457.8   536.2   613.9   759.9   977.2  1255.7  1651.3  3872.9 12441.5  41949.4    41886
read      461.5   448.3    80.4   138.1   158.7   329.1   443.3   524.4   599.0   752.5  1000.4  1363.1  1786.3  3372.0 11357.4  47433.4    47456
read      345.1   377.0    80.4   140.7   160.0   297.3   371.4   414.3   446.2   484.3   535.9   635.3  1086.0  3628.8 13856.9  93855.8    93939
read      422.6   590.3    86.8   142.1   163.4   370.6   458.9   514.1   556.7   606.5   671.3   772.5  1188.3  6786.2 31187.3  16884.4    16890
read      458.5   432.7    80.4   138.4   158.9   325.6   442.6   521.1   593.5   753.4  1014.2  1356.5  1726.0  3153.0 10734.7  45651.1    45689
read      458.7   454.5    86.8   136.1   155.9   353.1   473.6   549.7   636.1   784.8   946.7  1138.4  1501.1  4687.3 12403.1  32751.4    32790
read      476.6   581.4    86.8   137.4   158.0   331.3   452.1   532.8   614.6   796.3  1038.2  1357.7  1817.8  5840.4 22106.6  44017.6    44044
read      454.6   531.3    86.8   136.2   157.1   361.3   477.2   559.4   649.9   767.8   890.2  1032.2  1385.9  5952.9 23888.5  28060.4    28149
read      454.8   438.6    80.4   134.5   155.2   332.8   452.4   532.9   622.5   792.1   991.3  1223.6  1592.0  3329.0 12317.7  39752.6    39739
read      350.2   349.2    86.8   136.7   154.9   300.3   381.5   427.2   460.8   502.4   562.5   677.0  1103.2  3632.3 10867.0  72513.8    72475
read      331.9   373.3    80.4   138.8   157.0   288.9   362.7   405.4   436.6   473.1   523.4   613.9   875.1  3620.2 11054.3  94017.7    93882
read      399.9  1162.0    93.8   153.9   178.4   307.8   355.4   382.8   402.8   429.3   466.0   535.8  2145.0 23957.2 36462.7   6670.7     6692
read      466.3   511.7    80.4   138.2   159.3   327.2   436.2   513.7   588.5   737.3   997.8  1409.5  1864.0  4673.3 15349.9  50345.1    50406
read      371.0   377.2    86.8   140.1   159.4   308.4   390.0   436.2   471.2   518.1   589.9   739.9  1584.0  3662.6 11771.0  83122.8    83055
read      342.3   282.4    80.4   136.7   155.1   307.0   389.8   432.0   461.0   495.7   543.7   636.3   869.7  2940.4 11008.4  55632.5    55609
read      319.6   241.9    86.8   139.4   158.0   318.2   375.4   399.9   417.2   435.4   461.7   504.4   633.5  2790.9 12104.5  16935.9    16968
read      337.5   217.5    80.4   139.7   160.0   314.3   393.2   431.5   456.7   485.1   522.5   589.4   787.8  1573.2  7776.9  43016.3    43031
read      326.2   232.3    86.8   142.2   161.5   324.4   382.6   406.7   423.7   442.3   467.4   515.0   674.0  2603.9  9657.7  17351.5    17236
read      323.9   227.0    80.4   134.6   153.5   290.5   365.7   407.4   436.7   470.4   515.7   600.5   840.3  1576.1  7992.1  82099.8    82183
read      329.5   238.3    80.4   135.6   154.5   303.9   383.8   423.0   448.8   477.1   513.3   578.8   777.6  1752.0  7960.4  42260.8    42212
read      314.2   233.0    80.4   145.0   166.0   312.4   355.4   375.8   391.1   407.4   432.1   476.2   627.4  2989.6 10619.1  12214.4    12244
read      329.1   231.0    80.4   134.1   153.6   302.0   378.1   417.6   444.5   474.7   514.1   587.5   798.3  2058.1  7668.4  61904.0    61777
read      322.7   224.0    80.4   134.8   153.6   300.1   378.9   415.9   440.0   466.6   500.7   558.5   730.2  1630.4  7763.5  36854.5    36984
read      324.3   212.8    80.4   136.2   154.6   305.8   383.2   417.5   439.4   463.5   495.5   551.3   727.1  1648.2  8322.9  29025.2    29093
read      324.3   227.6    80.4   134.0   153.2   301.4   378.7   416.3   441.1   468.6   503.9   565.8   738.1  1769.0  7872.0  41760.2    41715
read      326.2   261.0    80.4   135.4   153.7   302.5   380.0   416.4   440.7   467.8   503.3   566.9   753.1  2266.4  9965.7  34891.4    34838
read      323.3   244.5    80.4   132.2   150.9   293.3   371.1   413.0   441.3   471.7   509.7   581.6   784.0  1955.2  8452.7  63518.2    63574
read      320.1   226.6    80.4   135.6   153.6   306.4   379.2   410.1   430.4   454.1   484.2   538.8   705.8  1899.6  6126.1  24400.1    24401
read      326.4   195.9    80.4   136.3   155.0   304.7   383.8   419.7   443.4   469.7   504.3   568.6   749.1  1788.6  6691.0  31996.6    32025
read      317.3   248.3    74.4   135.2   153.7   285.4   354.4   394.9   424.1   458.0   502.1   583.3   806.3  1706.9  8409.3  98871.4    98971
read      323.2   242.6    80.4   138.0   156.4   311.8   384.6   414.1   432.4   453.8   479.4   528.9   679.6  2611.9  8887.3  23724.0    23657
read      320.8   224.6    80.4   133.2   152.2   292.7   369.3   410.1   437.0   466.5   503.7   569.2   767.2  1657.4  8254.4  67876.3    67877
read      328.2   223.4    80.4   134.8   154.1   302.4   380.9   421.0   447.5   476.4   513.0   580.1   768.2  1496.2  7841.1  53785.9    53849
read      321.0   237.8    80.4   133.3   152.3   289.8   364.9   406.1   434.2   465.8   507.0   585.5   816.4  1586.1  7324.5  79445.8    79536
read      318.9   224.7    80.4   139.0   157.8   318.8   372.8   395.9   412.0   430.4   456.2   500.4   643.7  3190.1  9455.5  17216.3    17081
read      325.1   206.5    80.4   136.3   155.5   305.3   381.8   417.6   440.6   465.8   498.3   553.3   732.5  1539.3  7838.0  38994.0    39024
read      318.3   208.0    80.4   136.1   154.6   304.8   378.9   409.6   429.2   451.3   476.8   522.8   669.4  1970.9  8907.8  26161.3    26125
read      322.0   192.9    80.4   137.3   156.1   303.6   381.0   416.2   438.1   461.6   491.3   540.8   706.3  1761.8  6726.6  33432.3    33388
read      321.6   235.4    80.4   138.4   156.3   313.7   379.5   406.5   424.9   445.4   469.6   521.5   677.3  2824.0 10289.5  20955.5    20979
read      312.1   199.8    80.4   134.9   153.4   282.3   351.9   392.7   421.2   453.4   494.1   566.1   778.3  1428.3  7079.6  95725.9    95865
read      320.8   222.3    80.4   133.6   152.2   291.2   367.6   409.7   438.1   468.6   507.2   578.2   789.5  1552.0  7986.3  74070.5    73949
read      321.7   206.6    80.4   133.5   152.3   295.1   373.2   414.1   440.9   469.6   505.4   570.5   762.9  1480.2  7042.7  61072.8    60987
read      309.9   187.8    80.4   133.2   151.2   283.9   359.1   399.4   425.8   454.1   487.2   537.8   700.0  1525.7  6590.3  54250.7    54175
read      302.8   228.4    80.4   135.0   151.6   271.2   344.9   387.9   416.0   445.4   479.2   532.2   689.2  1289.6  9068.7  51478.1    51484
read      302.3   211.8    80.4   135.4   151.4   270.6   347.8   389.6   415.3   442.3   472.9   526.0   693.9  1603.7  8202.4  39708.6    39771
read      302.2   233.3    80.4   135.9   151.4   273.7   355.4   394.2   417.5   441.3   468.0   509.4   650.2  1785.7  8155.1  32877.9    32864
read      304.3   226.6    80.4   135.8   152.1   271.9   349.4   392.0   418.9   446.6   477.5   530.2   704.5  1592.0  9681.4  42010.4    42033
read      315.1   208.8    80.4   141.8   159.4   284.3   362.0   403.9   430.4   458.5   492.1   544.8   726.4  1473.8  8938.5  43735.7    43808
read      310.8   210.8    80.4   139.7   156.8   278.8   355.1   397.4   424.7   453.1   486.2   538.7   726.9  1753.9  8667.1  45756.8    45785
read      302.5   207.3    80.4   135.5   151.3   272.7   352.8   392.2   416.4   441.1   469.2   516.1   677.2  1962.9  7504.4  35627.2    35582
read      301.9   282.4    80.4   135.4   151.0   268.0   346.9   389.1   415.0   441.3   470.5   517.6   677.5  2547.6  9255.6  38368.7    38504
read      304.0   266.9    86.8   140.9   157.6   303.4   352.7   373.3   388.6   404.1   427.4   464.9   581.6  2988.2  8987.6  15316.6    15320
read      298.0   223.6    80.4   133.9   150.1   265.9   332.3   373.6   402.8   435.0   471.2   529.4   704.8  1671.5  8501.1  74437.6    74264
read      305.8   194.1    74.4   137.1   153.4   273.6   351.2   395.0   422.6   451.0   483.4   535.7   706.8  1363.7  7647.7  43966.5    43890
read      299.2   394.9   101.3   168.3   190.1   277.7   305.6   320.1   333.5   347.9   371.8   426.6   635.5  4814.7 16038.4   5961.9     5962
read      320.8   208.3    86.8   143.1   162.2   298.9   370.9   406.4   430.1   456.4   488.8   540.4   703.5  1572.0  7353.1  38312.5    38365
read      313.9   221.9    80.4   137.0   154.5   284.0   358.2   398.7   426.3   456.3   492.6   549.0   737.9  1588.2  8544.2  56023.5    55971
read      306.9   196.7    86.8   139.3   155.3   292.1   366.7   395.7   413.8   432.5   457.2   496.9   630.3  2178.0  8326.8  23135.3    23217
read      293.0   177.1    80.4   133.7   149.6   261.9   325.2   365.4   394.6   427.9   466.6   529.0   718.9  1529.6  5996.4  87739.2    87681
read      292.4   192.6    80.4   134.5   150.5   261.3   323.4   363.4   392.8   426.0   465.5   527.3   711.7  1372.2  6642.6  91819.1    91728
read      290.2   185.4    74.4   133.9   149.8   258.8   319.9   359.1   388.1   421.6   461.9   526.0   721.1  1477.7  6611.1  96775.9    96668
read      294.2   182.0    80.4   133.0   149.2   263.4   328.6   369.5   398.8   431.3   468.1   525.1   706.2  1510.2  5867.0  80474.6    80475
read      311.8   225.1    80.4   138.8   154.7   286.7   369.8   403.6   424.4   447.2   473.8   524.2   679.2  2399.4  8613.8  27213.5    27150
read      308.4   202.1    80.4   138.5   155.4   277.8   351.4   394.9   423.2   452.9   487.1   538.8   712.8  1289.0  7732.9  53412.8    53444
read      320.4   294.5    86.8   142.9   160.0   299.0   380.8   409.8   427.5   447.1   469.0   507.9   658.9  3678.5 12958.8  23875.2    23737
read      293.9   187.3    80.4   135.0   151.1   262.6   326.1   366.7   395.9   428.9   467.4   528.2   716.0  1361.5  7370.2  87867.6    87776
read      299.8   180.1    80.4   136.4   152.8   267.4   333.6   375.6   405.1   438.1   476.1   538.8   738.4  1493.9  6051.2  82139.3    82175
read      294.3   182.9    80.4   135.8   151.6   262.2   324.3   363.4   392.4   426.2   467.0   536.4   742.2  1487.2  6690.2  98455.3    98548
read      308.0   214.6    80.4   137.9   154.2   276.8   356.9   398.0   423.2   450.0   481.8   536.0   720.9  1308.8  8081.6  37719.0    37704
read      305.9   207.4    80.4   135.8   152.5   274.6   344.4   385.8   414.5   446.3   484.1   543.9   741.6  1474.3  5667.4  64711.1    64701
read      301.1   211.0    80.4   134.3   150.7   269.1   337.0   379.2   408.5   441.1   478.5   537.0   718.0  1578.6  7782.9  69045.3    69089
read      297.5   194.6    80.4   134.1   149.9   264.3   329.8   370.0   399.0   432.6   474.1   544.7   760.1  1526.4  6832.6  89812.7    89785
read      315.7   245.8    86.8   142.7   159.6   310.6   366.7   391.0   407.0   426.8   452.6   497.9   646.8  3259.7 10800.6  16661.8    16676

Total QPS = 50232.5 (90418520 / 1800.0s)

Total connections = 64
Misses = 0 (0.0%)
Skipped TXs = 0 (0.0%)

RX 22333373946 bytes :   11.8 MB/s
TX          0 bytes :    0.0 MB/s
Warning! Detected max cpu usage > 95%
CPU Usage Stats (avg/min/max): 99.95%,51.00%,100.00%