cat ~/1251latency.txt
Random waveform, supplied seed
Total number of intervals = 180 (5031, 54838, 74868, 30015, 40743, 23648, 97712, 53672, 55395, 29425, 15173, 82475, 90555, 47944, 28313, 28504, 22886, 35717, 14828, 81704, 55771, 85226, 75020, 12441, 56208, 17446, 86943, 49138, 49839, 47752, 27181, 6170, 7187, 99387, 91970, 79658, 59230, 78081, 64242, 37702, 40686, 30376, 38416, 65892, 39560, 10016, 55224, 19982, 48114, 36283, 23315, 11150, 98724, 56880, 13467, 99368, 46206, 71651, 22741, 56654, 99570, 23047, 70008, 42943, 46704, 75970, 21917, 82027, 81583, 14259, 7821, 17727, 65559, 41133, 28693, 53141, 54512, 14835, 98446, 38117, 77994, 30209, 68315, 91940, 49308, 46880, 92540, 49396, 97841, 35404, 80451, 87228, 75554, 57964, 83546, 55468, 34203, 37629, 34577, 47426, 58845, 66993, 10977, 51529, 48344, 5902, 71602, 41886, 47456, 93939, 16890, 45689, 32790, 44044, 28149, 39739, 72475, 93882, 6692, 50406, 83055, 55609, 16968, 43031, 17236, 82183, 42212, 12244, 61777, 36984, 29093, 41715, 34838, 63574, 24401, 32025, 98971, 23657, 67877, 53849, 79536, 17081, 39024, 26125, 33388, 20979, 95865, 73949, 60987, 54175, 51484, 39771, 32864, 42033, 43808, 45785, 35582, 38504, 15320, 74264, 43890, 5962, 38365, 55971, 23217, 87681, 91728, 96668, 80475, 27150, 53444, 23737, 87776, 82175, 98548, 37704, 64701, 69089, 89785, 16676)
Average QPS expected = 50230
Timestamp start: 1653389478553
Timestamp end: 1653391278960

#type       avg     std     min      p5     p10     p50     p67     p75     p80     p85     p90     p95     p99    p999   p9999      QPS   target
read      307.3   318.4   101.3   169.7   191.5   287.5   325.3   345.9   362.4   381.0   404.8   449.0   569.6  3950.8 15060.4   5020.7     5031
read      429.3   499.9    86.8   140.2   157.9   289.5   393.5   481.4   576.5   731.2   940.8  1205.9  1612.5  5070.6 17241.3  54777.7    54838
read      322.5   370.0    80.4   139.0   154.7   276.8   342.5   381.2   410.2   446.8   496.3   587.4  1084.2  3679.3 13397.8  74871.5    74868
read      399.1   331.8    86.8   142.0   158.3   316.1   435.7   519.9   596.6   678.6   768.4   891.7  1158.3  2202.2  9639.5  30038.8    30015
read      468.2   820.5    86.8   141.7   159.0   306.4   427.4   526.6   637.9   776.0   930.7  1148.0  1813.3  9762.6 32380.3  40763.2    40743
read      406.6   533.8    86.8   144.1   161.1   339.8   452.3   527.4   583.3   642.8   713.8   816.2  1046.2  4775.5 30453.4  23628.7    23648
read      365.3   612.4    86.8   143.6   161.3   288.6   355.9   396.7   429.0   469.9   533.7   672.7  1671.7  9531.4 30819.2  97771.6    97712
read      420.9   432.4    86.8   140.1   157.5   291.9   391.1   467.3   539.9   681.8   925.1  1235.4  1608.8  3154.9 12922.7  53812.7    53672
read      439.8   486.6    86.8   139.1   156.8   295.3   398.2   486.2   579.5   747.5   995.0  1292.1  1730.5  3485.6 15780.5  55377.5    55395
read      408.3   397.1    86.8   141.4   157.8   317.9   447.8   540.7   616.9   695.2   783.1   905.4  1165.7  3005.9 12655.2  29451.9    29425
read      378.3   363.3    86.8   146.0   163.9   343.2   434.2   488.0   524.0   564.3   613.6   685.3   848.7  3381.9 12490.8  15221.1    15173
read      414.1   870.2    86.8   144.3   162.5   297.0   367.0   410.1   444.9   491.2   564.9   898.1  1822.5 11141.2 32152.1  82346.6    82475
read      303.1   317.3    86.8   138.2   153.6   267.3   327.2   363.9   391.4   424.8   468.0   540.5   777.8  2826.6 12587.1  90368.7    90555
read      419.8   397.6    86.8   138.3   155.7   295.6   400.2   477.2   555.2   708.7   913.6  1161.6  1557.6  3359.7 10123.0  48027.2    47944
read      407.4   450.1    86.8   142.8   159.6   322.7   445.8   534.0   605.1   680.4   768.6   887.5  1113.2  3719.9 17281.3  28223.2    28313
read      412.8   370.4    86.8   143.1   159.4   327.9   459.0   551.5   623.1   697.9   784.9   913.7  1184.1  2371.3 12850.8  28475.7    28504
read      394.1   307.3    86.8   142.8   159.1   337.7   452.6   527.2   582.0   641.8   710.7   807.1  1015.4  2093.5  8656.4  22878.5    22886
read      408.2   344.1    86.8   143.3   159.7   309.5   431.7   524.7   610.9   708.2   817.3   966.7  1247.3  2175.2 12378.9  35733.9    35717
read      372.4   332.2    93.8   145.4   162.8   338.1   429.1   481.1   515.3   553.5   600.4   674.6   824.3  3341.4 13764.5  14893.0    14828
read      409.9   913.0    86.8   143.8   162.1   293.4   361.4   402.6   435.5   478.7   546.4   778.4  1820.6 11957.5 31975.1  81766.1    81704
read      407.6   425.1    86.8   137.9   154.7   284.7   372.4   441.8   504.7   622.7   873.3  1203.0  1654.9  3548.2 12926.0  55653.9    55771
read      314.3   300.3    86.8   139.0   154.6   272.4   336.4   374.4   403.0   439.1   487.9   573.3   978.4  2812.1 10644.4  85205.7    85226
read      312.8   336.5    86.8   138.9   154.7   275.5   338.4   375.4   403.4   438.7   485.6   561.4   807.5  3163.2 16053.0  75081.4    75020
read      360.7   413.5    93.8   148.8   168.1   328.0   401.8   445.1   475.2   508.9   549.2   612.5   746.8  5197.6 15306.7  12398.4    12441
read      436.9   530.1    86.8   138.9   156.3   291.7   393.8   478.4   564.9   727.6   970.3  1266.8  1725.3  5292.4 17057.9  56132.8    56208
read      382.1   437.9    86.8   142.6   159.4   337.7   433.6   492.3   532.0   575.1   627.9   708.4   892.1  4423.7 15358.8  17512.4    17446
read      390.8   848.5    86.8   141.7   159.0   283.6   350.1   392.3   425.0   466.4   530.5   722.7  1756.5 11235.0 32098.2  86836.0    86943
read      428.3   502.5    86.8   138.3   155.6   295.2   403.5   488.1   575.2   724.4   936.0  1162.6  1571.4  4559.1 16189.9  49066.6    49138
read      433.6   502.2    86.8   137.1   154.2   293.2   399.7   485.1   577.7   750.5   973.5  1196.3  1612.1  4876.2 15975.2  49958.3    49839
read      448.1   629.3    86.8   137.2   154.6   296.6   403.7   489.8   585.6   769.4  1001.0  1245.5  1688.3  7487.8 26756.6  47729.7    47752
read      405.2   374.3    86.8   142.3   159.0   324.6   449.7   537.9   604.7   674.4   754.9   872.0  1134.8  3581.1 12224.2  27229.4    27181
read      366.0   620.6   101.3   165.2   187.0   299.9   347.6   374.5   394.4   419.5   456.7   538.5  2179.3  6910.7 24692.2   6178.1     6170
read      333.2   439.9   101.3   162.5   184.6   304.9   357.2   384.6   402.8   426.5   456.8   503.5   644.7  5063.4 20207.2   7190.1     7187
read      376.9   695.3    86.8   144.6   163.0   290.6   356.1   396.5   428.7   469.5   533.6   682.3  1703.3 10335.9 31426.7  99288.8    99387
read      304.6   320.3    86.8   138.4   153.9   267.5   327.3   363.8   391.7   425.7   469.9   545.5   792.2  2982.9 11943.1  92026.5    91970
read      313.4   338.2    86.8   137.8   153.4   273.4   336.6   374.1   402.4   437.7   486.1   565.5   825.3  3622.6 13224.7  79640.1    79658
read      323.9   361.0    86.8   138.5   154.8   281.2   348.1   388.2   418.5   456.1   506.3   592.5   871.8  3831.0 14126.8  59222.5    59230
read      312.5   321.7    80.4   138.3   153.9   274.0   337.8   375.0   403.0   438.3   486.4   565.5   836.9  3317.1 10988.8  78029.0    78081
read      321.7   340.9    86.8   139.2   155.4   281.7   347.1   386.2   415.6   453.0   503.6   589.4   872.9  3475.9 15195.2  64325.9    64242
read      414.2   470.4    86.8   141.7   158.0   302.4   419.7   508.8   598.3   708.8   831.0   995.6  1340.4  5573.1 13605.2  37665.7    37702
read      459.9   764.3    86.8   143.4   160.8   309.4   431.7   529.6   631.3   761.1   912.0  1101.6  1641.8 10326.6 31599.4  40649.5    40686
read      412.1   301.6    86.8   143.3   160.0   322.4   454.5   548.5   626.8   708.7   801.4   939.8  1215.7  1881.9  6920.7  30330.5    30376
read      432.2   492.8    86.8   142.9   159.5   309.9   434.7   534.9   633.2   750.8   881.5  1066.9  1460.5  4361.6 15051.7  38382.4    38416
read      332.2   416.4    86.8   141.8   158.8   282.1   347.6   387.8   418.1   455.7   505.2   597.8  1229.7  4173.9 13830.0  65917.9    65892
read      416.2   474.3    86.8   142.7   159.6   305.3   420.4   505.4   590.2   700.0   831.8  1008.1  1359.9  5271.7 16560.8  39437.1    39560
read      355.6   488.8    93.8   154.0   174.8   323.0   392.7   429.9   456.1   485.9   523.6   581.0   721.0  5054.7 29009.4   9973.8    10016
read      443.9   603.9    80.4   140.4   158.1   296.6   401.8   485.9   573.7   733.4   957.1  1223.7  1737.0  6616.7 28754.0  55321.7    55224
read      385.5   337.0    86.8   144.6   161.7   341.9   441.8   506.6   550.6   596.7   655.3   739.8   930.3  3121.3 12300.9  19928.1    19982
read      439.5   494.4    86.8   140.9   158.9   303.5   416.9   508.0   605.9   763.7   958.2  1167.8  1597.7  4802.8 13241.8  48053.5    48114
read      414.9   398.0    86.8   143.8   160.4   309.8   431.0   524.9   615.5   721.8   837.0   994.5  1273.4  2818.4 12871.1  36260.6    36283
read      386.6   309.9    86.8   142.0   158.2   330.0   441.0   517.1   572.2   630.8   697.3   794.6   991.2  1971.9  8117.8  23318.5    23315
read      356.2   383.5    93.8   151.1   171.0   325.7   399.3   441.0   468.7   500.8   540.9   601.9   740.7  4024.4 16051.5  11181.5    11150
read      382.4   729.6    86.8   146.1   164.5   291.7   356.9   397.1   429.2   470.1   535.0   692.0  1706.9 10011.7 31483.0  98739.8    98724
read      325.6   347.9    86.8   142.8   159.5   282.8   349.7   389.7   419.5   456.2   503.9   584.8   892.7  4104.2 12338.8  56680.1    56880
read      380.0   616.8    93.8   148.6   167.2   334.1   416.4   463.6   496.1   532.4   577.6   646.5   810.7  7913.4 31479.0  13449.8    13467
read      384.7   705.4    80.4   146.9   165.3   293.1   360.1   401.1   433.9   477.0   543.1   713.1  1789.8 10060.6 31502.2  99177.3    99368
read      436.6   438.9    86.8   141.7   158.7   302.9   407.5   486.5   567.0   722.9   973.0  1240.7  1714.3  3850.1 11299.6  46189.1    46206
read      340.6   376.7    86.8   144.8   161.5   288.7   357.7   398.3   430.2   470.0   528.8   641.6  1296.2  3637.7 13805.9  71543.4    71651
read      407.6   352.0    93.8   145.5   162.8   342.2   459.1   538.5   594.9   661.8   740.7   851.0  1088.8  3058.2 12470.6  22861.4    22741
read      334.8   414.4    86.8   139.7   155.6   279.4   348.5   391.1   423.3   463.4   519.4   632.7  1217.9  4971.4 14857.6  56459.8    56654
read      314.3   306.2    86.8   141.8   158.0   273.6   335.7   373.0   401.6   437.9   489.6   578.3   854.7  3228.6 10191.5  99754.4    99570
read      403.0   330.9    86.8   144.0   160.7   333.7   451.1   531.2   594.9   669.8   752.0   867.1  1087.4  2313.5  9322.5  22972.5    23047
read      376.0   685.1    86.8   141.7   158.5   289.2   357.9   399.8   433.1   475.0   537.8   682.7  1737.8  8747.5 31400.2  69992.6    70008
read      454.7   539.7    86.8   140.5   157.9   310.6   421.1   507.8   604.8   789.6  1016.8  1244.6  1715.2  5633.5 16006.8  42874.1    42943
read      441.7   475.5    86.8   138.9   156.3   301.1   411.2   500.4   600.0   780.8  1000.5  1217.3  1638.5  4049.3 15211.4  46635.5    46704
read      335.2   354.0    86.8   141.5   157.7   283.3   351.0   391.8   423.5   463.5   521.4   633.9  1275.3  3692.6 11583.3  76090.4    75970
read      417.1   407.8    93.8   144.2   161.5   351.7   471.4   552.6   610.5   674.5   749.7   862.5  1100.6  3797.6 13288.9  21916.9    21917
read      385.2   740.7    86.8   144.0   161.5   293.5   362.5   403.9   437.1   481.4   547.8   709.0  1748.8  9593.0 31862.7  82009.7    82027
read      318.8   323.0    86.8   140.6   156.5   278.6   343.3   381.7   410.5   447.8   498.5   585.3   871.3  3124.3 11976.4  81529.6    81583
read      474.0   840.2    86.8   140.4   158.8   351.4   449.9   510.4   553.1   606.3   686.7   943.9  3303.3  8753.5 34064.4  14224.2    14259
read      416.8  1082.8    93.8   156.2   181.6   321.2   380.0   413.5   436.9   466.1   505.3   584.3  2312.9 14307.9 36574.4   7846.3     7821
read      423.3   678.6    86.8   142.5   160.7   354.7   460.2   530.8   578.8   632.3   694.4   790.0  1128.5  7019.3 31693.5  17689.2    17727
read      333.8   308.1    80.4   140.8   157.3   282.8   350.8   392.2   424.6   465.2   521.5   630.6  1306.0  3485.4  9954.7  65605.1    65559
read      442.3   523.9    86.8   140.9   158.3   307.5   421.4   505.0   596.9   765.1   963.5  1166.0  1606.0  4913.1 16105.2  41106.5    41133
read      452.6   707.5    93.8   142.6   161.3   331.6   459.4   560.2   648.2   740.0   838.0   976.7  1371.0 10031.4 31138.9  28700.5    28693
read      441.1   476.4    86.8   139.9   156.9   297.8   401.5   488.9   577.5   748.5  1001.4  1277.7  1752.6  3492.6 14663.1  53166.1    53141
read      440.1   461.8    86.8   141.8   159.7   300.7   405.7   493.0   580.9   744.8   986.9  1249.3  1735.4  3622.2 12151.1  54591.6    54512
read      431.8   865.7    93.8   143.1   162.1   356.3   451.6   509.2   547.9   590.5   645.0   732.1  1437.9 10694.9 36124.5  14829.0    14835
read      336.3   354.7    86.8   144.3   161.7   279.8   343.1   382.6   412.6   450.9   503.5   610.6  1625.5  3456.7 12520.7  98520.9    98446
read      440.1   562.2    86.8   141.6   159.9   312.8   429.5   518.0   616.0   756.8   907.9  1077.4  1468.0  5910.9 17344.8  38220.9    38117
read      332.5   370.1    86.8   140.9   157.0   283.4   350.8   390.6   421.2   460.2   516.1   620.6  1154.0  3617.0 13263.2  77982.9    77994
read      440.0   618.1    86.8   140.7   158.6   321.5   446.8   544.3   644.3   750.6   856.9   995.4  1329.0  6875.6 30970.5  30253.2    30209
read      327.9   348.2    86.8   140.5   156.8   279.9   346.1   386.3   416.9   455.5   506.9   605.8  1158.8  3761.8 10957.1  68265.0    68315
read      315.4   357.0    86.8   140.8   156.7   273.4   336.7   374.2   403.0   438.8   488.4   571.7   834.2  3934.2 12835.9  91929.1    91940
read      435.1   478.5    86.8   139.8   157.1   300.5   404.2   484.2   560.1   710.7   969.6  1234.4  1714.1  4178.8 13661.3  49406.5    49308
read      443.8   525.2    80.4   139.3   156.4   301.6   412.9   499.4   590.1   766.4   992.5  1223.3  1681.2  5350.0 16953.4  46800.7    46880
read      324.5   319.7    86.8   140.0   156.3   274.3   337.4   374.9   403.7   441.0   493.1   591.9  1491.2  3045.7 12281.5  92521.7    92540
read      430.2   463.5    86.8   138.5   155.2   294.1   396.8   475.7   553.6   715.0   969.8  1227.1  1695.5  4332.0 12746.1  49483.0    49396
read      329.7   364.1    86.8   141.3   157.8   273.9   335.0   372.6   402.1   439.8   492.9   597.7  1588.9  3318.8 12181.9  97819.7    97841
read      446.7   626.5    86.8   142.4   160.9   321.1   443.4   536.2   635.4   764.8   897.4  1058.2  1397.2  6812.1 31691.8  35329.6    35404
read      323.7   339.0    86.8   140.0   156.0   275.8   340.8   379.9   409.6   447.9   499.5   597.1  1150.6  3521.0 13088.2  80495.4    80451
read      319.9   322.7    86.8   141.0   157.0   278.2   343.5   382.5   411.7   448.5   499.2   588.4   863.8  3473.9 11580.5  87255.9    87228
read      314.1   324.0    86.8   138.8   154.5   274.9   339.1   376.8   405.3   441.2   489.2   568.9   849.2  3214.9 10947.1  75383.4    75554
read      328.0   315.4    86.8   140.8   157.4   287.2   355.0   394.3   424.4   462.1   513.5   601.5   921.0  3658.1  9401.0  58023.4    57964
read      314.2   365.1    86.8   138.9   154.4   272.7   337.1   375.5   404.1   440.3   489.1   571.1   823.7  3634.8 13166.3  83393.6    83546
read      326.0   338.8    86.8   140.6   157.1   283.2   350.8   391.0   421.2   458.5   508.2   592.0   934.0  3446.0 13230.6  55516.5    55468
read      439.4   503.4    86.8   139.5   157.4   315.9   437.0   530.2   633.6   760.3   891.3  1050.0  1438.0  6103.5 13591.2  34235.2    34203
read      447.5   586.8    86.8   139.8   157.9   315.5   436.4   531.8   643.9   786.9   930.3  1091.1  1447.9  6977.5 30435.9  37604.3    37629
read      451.0   631.4    86.8   140.6   159.2   322.1   449.9   552.5   660.1   781.2   901.7  1049.1  1373.6  7286.1 30951.6  34458.2    34577
read      441.9   463.3    86.8   138.4   155.8   303.7   417.3   505.2   600.3   777.1  1002.2  1220.1  1640.3  4019.2 12284.7  47277.6    47426
read      336.3   377.4    86.8   139.1   155.3   281.8   349.4   390.9   423.1   463.8   521.6   636.4  1347.1  3898.8 11595.8  58740.8    58845
read      319.3   334.4    86.8   139.3   155.1   279.1   344.5   383.2   412.0   448.2   496.8   581.4   879.3  3639.5 11318.7  66891.6    66993
read      429.6  1078.7    93.8   144.8   166.2   335.3   410.7   456.2   487.7   523.5   568.9   643.6  1969.1 14139.0 36254.2  10978.8    10977
read      445.0   519.6    80.4   139.2   156.3   298.5   402.3   486.7   569.4   728.8  1024.2  1307.0  1826.4  4041.2 16498.2  51395.5    51529
read      435.8   498.4    86.8   137.3   154.1   296.4   404.3   490.1   577.7   749.0   994.1  1221.1  1667.4  4044.2 16571.9  48364.1    48344
read      425.6  1457.4   101.3   157.9   185.8   292.5   338.4   363.3   381.2   402.9   435.9   508.8  3606.4 31197.8 37547.8   5903.3     5902
read      318.9   314.8    80.4   137.1   152.8   273.2   337.0   375.1   404.2   441.0   491.5   584.1  1175.0  3498.2  9193.4  71469.5    71602
read      425.6   440.1    80.4   140.2   158.5   314.3   428.1   504.6   581.3   696.0   867.4  1092.1  1458.5  3858.9 16476.3  41883.2    41886
read      424.0   416.6    86.8   137.3   153.7   294.8   401.7   482.7   563.4   727.0   968.0  1192.9  1576.2  2783.8 10874.3  47519.6    47456
read      318.3   306.6    86.8   139.9   156.0   274.1   336.8   374.4   403.4   440.2   491.4   580.8  1091.2  3036.5  9559.1  94136.9    93939
read      394.1   612.0    86.8   135.9   153.5   331.4   418.9   473.9   512.2   554.9   608.9   693.1  1315.7  8332.6 30550.5  16927.4    16890
read      428.3   462.9    86.8   136.8   154.2   299.6   410.8   492.7   583.7   740.3   938.9  1143.7  1515.6  4096.9 12831.9  45701.6    45689
read      422.0   425.0    86.8   140.2   158.7   318.2   441.0   537.2   629.2   726.7   829.4   967.7  1246.6  4655.6 11692.5  32805.7    32790
read      420.3   412.6    86.8   137.7   155.1   300.8   414.1   496.2   584.9   733.1   919.2  1103.4  1383.6  2916.5 13455.9  44160.3    44044
read      412.0   418.2    86.8   138.8   156.2   322.9   448.3   541.0   615.5   693.7   780.6   896.1  1134.5  4740.9 14979.2  28153.8    28149
read      423.2   484.0    86.8   138.9   157.2   308.9   427.6   517.0   611.7   733.0   865.3  1027.8  1291.6  4733.8 15263.5  39682.7    39739
read      317.5   324.0    86.8   136.4   152.3   269.7   332.2   370.8   400.4   436.9   487.0   576.8  1242.4  3426.9  9884.9  72539.2    72475
read      297.6   297.0    86.8   136.3   151.8   261.2   319.6   356.2   383.6   417.2   461.6   533.3   764.0  2881.9 11533.0  93848.3    93882
read      412.4  1353.7    93.8   156.3   182.7   295.7   343.1   371.1   391.7   415.9   449.5   518.8  2771.1 29966.3 39375.7   6680.0     6692
read      431.0   499.4    80.4   137.2   154.7   298.0   409.2   492.2   575.7   723.6   944.1  1180.3  1632.4  4522.3 16258.5  50281.3    50406
read      315.9   342.3    86.8   139.6   155.5   271.9   335.3   373.6   402.5   438.7   487.8   575.1  1029.2  3088.2 14444.6  83007.8    83055
read      398.4   359.2    86.8   139.1   156.6   291.9   386.3   454.6   514.1   612.7   800.0  1103.6  1553.6  2910.4  8927.5  55659.4    55609
read      412.6   863.2    86.8   135.2   152.9   333.9   423.1   478.8   515.7   556.5   610.5   697.5  1356.0 10721.8 35138.8  16928.2    16968
read      422.8   508.2    86.8   136.3   154.2   302.9   418.2   502.3   592.2   721.6   880.5  1065.2  1378.0  5031.9 24837.1  43026.6    43031
read      402.7   712.9    86.8   139.5   157.8   341.7   431.2   485.7   523.6   565.3   616.2   691.4  1026.1  8896.1 31579.0  17262.7    17236
read      309.8   236.4    80.4   138.9   155.0   272.4   335.3   372.9   401.6   436.4   482.6   564.0   924.1  2093.0  8485.7  82113.0    82183
read      368.0   322.9    80.4   140.6   158.3   297.6   388.1   441.0   480.6   536.9   637.7   854.8  1248.1  3090.2  8415.6  42301.7    42212
read      315.3   253.6    86.8   149.2   169.3   306.8   349.6   370.8   386.6   403.3   431.0   482.7   646.2  4399.4 11584.2  12269.5    12244
read      322.7   204.8    80.4   141.9   160.9   294.1   360.4   399.0   427.6   460.8   503.6   576.0   793.3  1778.2  6271.0  61781.3    61777
read      310.8   197.9    86.8   139.7   156.2   279.3   354.0   395.3   422.7   452.7   489.3   546.0   724.9  1730.8  7665.3  37003.3    36984
read      312.3   237.1    86.8   139.1   154.9   284.5   361.5   398.4   423.0   450.2   484.1   540.3   701.5  2652.0  8456.9  29096.0    29093
read      311.6   262.2    80.4   138.6   154.9   276.7   349.6   391.5   420.1   452.4   492.7   557.8   771.1  2038.8  8097.1  41766.7    41715
read      308.5   215.1    80.4   138.5   154.2   277.0   353.5   393.4   419.9   449.3   484.8   543.3   712.1  1674.2  8073.8  34758.5    34838
read      307.1   210.9    80.4   137.5   154.4   277.1   341.9   380.7   408.5   441.8   482.8   547.2   743.5  1693.1  7832.8  63638.8    63574
read      309.9   233.8    80.4   139.1   154.6   290.0   362.9   395.3   416.9   440.5   470.3   523.9   673.4  1838.0 10211.3  24329.2    24401
read      309.1   238.3    86.8   138.6   154.1   279.0   356.8   396.0   421.8   450.1   484.6   539.6   713.5  1619.0  7965.9  31873.7    32025
read      295.9   190.2    80.4   137.7   153.5   266.7   326.5   362.8   390.0   422.9   465.7   537.3   716.9  1632.0  6821.3  99122.8    98971
read      316.1   258.2    80.4   140.4   156.5   295.8   369.4   401.4   423.2   447.5   477.5   531.9   691.2  2648.0  7801.6  23599.6    23657
read      302.1   202.1    80.4   137.3   153.7   273.5   337.0   374.0   401.2   433.3   471.9   534.7   705.5  1685.5  7802.3  68176.1    67877
read      309.9   201.5    86.8   138.8   155.8   279.2   345.9   386.5   415.0   448.0   489.0   552.8   738.8  1738.1  6829.2  53863.7    53849
read      303.5   203.4    80.4   136.7   152.7   273.3   336.4   373.9   402.0   435.9   479.1   548.3   741.0  1810.6  7036.9  79523.4    79536
read      313.8   248.4    86.8   141.6   158.0   305.1   361.9   387.3   403.5   425.1   452.5   500.1   650.3  3262.6  9482.7  17123.5    17081
read      311.8   237.7    80.4   139.0   155.4   279.3   352.9   393.8   421.4   451.7   489.0   549.3   729.4  2470.7  9159.4  38900.7    39024
read      313.9   237.1    86.8   139.4   155.5   289.5   366.0   400.5   423.4   448.7   479.6   533.8   713.2  2195.7  9490.7  26073.0    26125
read      310.3   244.9    80.4   138.7   154.6   280.4   356.7   395.9   421.3   448.9   482.3   538.9   715.9  2131.2  9435.0  33415.7    33388
read      315.5   251.8    86.8   141.1   157.4   300.6   369.4   397.8   417.0   437.4   465.7   514.4   670.6  3450.2 10258.6  20979.6    20979
read      296.1   209.1    80.4   137.9   153.9   266.0   325.7   362.3   389.8   423.0   465.3   534.5   715.7  1614.5  8857.2  95718.2    95865
read      305.2   206.7    80.4   136.7   153.3   275.1   339.2   377.3   404.9   438.7   481.4   549.3   743.0  1724.9  7756.2  73973.2    73949
read      311.8   227.9    80.4   138.8   155.8   280.4   346.8   387.0   415.8   449.4   491.8   559.0   755.5  1788.3  7318.0  61082.3    60987
read      307.6   193.1    80.4   138.2   155.1   275.6   343.0   383.2   411.8   444.7   485.2   547.1   748.3  1753.6  5854.4  54156.5    54175
read      306.6   204.8    86.8   138.1   154.8   275.0   341.9   381.9   410.0   441.7   481.1   544.5   748.2  1748.7  7097.0  51508.6    51484
read      318.6   247.9    80.4   143.0   160.3   285.0   358.9   400.0   428.8   460.3   499.7   567.9   772.6  1831.5  7987.1  39783.9    39771
read      312.7   229.7    80.4   140.3   156.4   282.7   359.9   399.3   424.7   452.8   487.6   545.2   735.7  1566.8  7722.3  32840.1    32864
read      307.5   201.8    80.4   138.6   154.8   277.0   348.7   390.4   418.7   449.7   487.0   546.0   729.8  1339.2  7583.3  42141.5    42033
read      308.3   204.3    80.4   138.7   155.0   275.2   346.3   388.0   416.4   447.9   486.6   548.4   753.8  1624.8  7846.9  43816.2    43808
read      309.7   215.4    86.8   139.1   155.9   278.4   348.7   390.2   418.9   451.1   490.4   550.4   743.6  1406.8  7212.3  45741.2    45785
read      305.8   237.6    86.8   137.3   152.8   273.8   349.4   390.0   416.4   445.2   479.5   536.8   710.8  2162.4  8373.8  35675.2    35582
read      310.2   199.9    80.4   138.5   154.8   278.5   353.2   394.6   422.4   453.5   492.2   554.1   742.6  1487.1  7194.2  38515.2    38504
read      305.8   258.4    86.8   141.0   157.5   301.4   353.3   376.6   392.5   410.4   434.1   475.5   591.7  2648.2 10192.4  15318.9    15320
read      302.4   192.7    80.4   135.9   152.4   273.7   337.1   374.3   401.7   433.3   472.3   537.2   728.2  1819.4  5868.3  74185.2    74264
read      309.0   199.6    86.8   138.8   155.2   276.8   347.4   388.9   417.6   449.8   489.1   549.7   750.7  1579.5  7266.5  43899.3    43890
read      303.0   366.2    93.8   167.1   191.3   279.4   309.2   325.6   338.5   354.1   374.2   420.0   622.8  5289.7 11976.2   5982.1     5962
read      331.2   233.6    86.8   149.5   169.3   306.2   373.0   409.8   436.1   466.1   504.4   571.9   752.0  1608.5  9992.4  38372.5    38365
read      318.8   209.8    86.8   141.3   159.9   290.2   357.7   396.5   424.3   456.2   496.5   563.7   772.3  1691.4  7572.5  56159.3    55971
read      311.8   255.3    86.8   140.0   155.9   293.4   365.3   396.4   417.1   439.5   468.0   516.7   676.7  2202.0 10231.3  23171.7    23217
read      295.7   194.2    80.4   135.7   151.9   266.4   327.9   365.0   392.4   425.0   465.7   533.0   719.7  1625.2  7000.6  87716.2    87681
read      299.3   183.4    80.4   137.3   153.4   268.8   330.8   368.2   396.1   429.7   472.1   544.0   742.1  1642.3  5891.1  91715.0    91728
read      301.6   205.9    86.8   139.0   155.4   271.5   332.8   369.2   397.0   430.8   474.8   548.1   743.5  1613.6  5967.0  96700.0    96668
read      301.1   202.8    80.4   137.1   153.3   270.9   334.7   372.8   400.8   433.5   473.5   539.3   722.8  1774.2  6953.0  80773.0    80475
read      313.6   217.6    80.4   139.8   155.8   289.7   368.5   403.1   425.6   450.4   480.6   533.1   687.5  2392.3  8836.4  27278.2    27150
read      305.8   214.2    80.4   137.9   154.6   275.4   342.5   383.5   412.3   444.5   483.1   543.6   725.7  1483.8  6404.2  53357.1    53444
read      305.1   190.8    80.4   138.3   153.8   288.5   360.4   390.8   410.4   432.1   461.0   506.4   649.4  2076.3  6183.1  23742.8    23737
read      296.3   205.1    80.4   136.8   152.9   266.7   328.2   365.5   393.1   425.4   465.3   529.7   710.1  1710.3  7906.7  87795.3    87776
read      298.0   181.3    80.4   136.6   152.9   268.8   331.4   368.9   396.7   429.0   468.3   532.3   717.2  1697.0  5904.8  82105.8    82175
read      294.3   189.1    80.4   137.8   153.8   265.0   324.1   360.2   387.4   420.4   462.5   531.9   707.0  1619.1  6831.1  98529.0    98548
read      314.4   233.9    86.8   140.4   157.1   282.2   358.7   399.9   427.6   457.5   493.9   552.5   742.0  1674.2  7271.8  37737.3    37704
read      301.6   180.8    80.4   136.4   153.2   274.2   338.2   376.1   403.6   435.3   473.0   534.8   705.9  1543.4  6021.4  64674.7    64701
read      302.8   183.9    80.4   137.1   153.8   273.9   338.2   376.6   404.2   436.3   475.7   538.4   716.0  1702.5  6085.6  69060.8    69089
read      300.4   199.9    86.8   137.4   153.5   270.0   331.7   368.9   396.8   430.3   472.9   544.5   741.4  1790.0  6660.7  89871.6    89785
read      308.7   229.1    86.8   141.1   157.2   302.3   357.2   381.2   397.1   416.4   440.0   483.9   633.0  3640.1  8174.2  16677.1    16676

Total QPS = 50226.8 (90408192 / 1800.0s)

Total connections = 64
Misses = 0 (0.0%)
Skipped TXs = 0 (0.0%)

RX 22330823918 bytes :   11.8 MB/s
TX          0 bytes :    0.0 MB/s
Warning! Detected max cpu usage > 95%
CPU Usage Stats (avg/min/max): 99.95%,48.24%,100.00%