ubuntu@client-measure-t5dw:~/memcache-perf-dynamic$ ./mcperf -s 10.156.15.233 -a 10.156.15.232 --noload -T 16 -C 4 -D 4 -Q 1000 -c 4 -t 1800 --qps_interval 10 --qps_min 5000 --qps_max 100000 —qps_seed 42
Random waveform, random seed
Total number of intervals = 180 (18414, 15106, 94128, 52081, 8518, 53635, 7287, 65072, 21961, 63410, 22613, 92600, 21544, 86104, 91857, 74468, 51206, 24059, 81343, 68281, 94431, 16363, 24955, 35485, 14065, 84695, 69790, 83218, 42166, 93999, 65828, 7237, 83203, 80597, 68225, 98147, 52915, 64464, 71871, 16237, 8591, 42944, 63594, 77148, 53316, 53184, 18933, 97566, 71047, 26364, 55788, 87098, 88849, 59060, 74349, 47143, 44721, 6727, 61787, 18048, 36956, 33823, 12389, 21127, 15911, 29959, 52912, 8243, 87525, 32424, 60485, 81292, 69104, 64082, 23012, 56999, 19005, 63452, 60527, 30948, 49478, 54688, 23199, 64074, 67199, 63846, 37571, 11525, 37245, 46367, 21352, 93588, 94213, 54443, 99460, 73341, 12703, 86277, 57296, 70829, 71239, 22061, 26703, 57680, 50595, 26712, 20185, 53550, 99266, 50118, 74046, 90554, 30326, 48464, 22034, 49975, 43347, 87230, 13093, 84323, 92035, 22941, 99682, 96971, 43679, 69257, 70662, 26460, 58710, 83374, 97959, 23640, 68020, 84425, 98511, 88421, 85257, 9387, 27434, 77756, 20424, 65860, 60945, 12717, 26767, 86419, 71260, 94668, 96053, 9400, 46220, 32240, 96175, 58211, 57737, 68388, 97053, 90004, 96114, 86705, 36094, 92024, 34035, 60558, 69775, 29747, 7574, 44710, 11467, 11079, 47562, 58743, 64407, 60045, 97025, 8383, 63777, 24575, 10177, 85980)
Average QPS expected = 54188
Timestamp start: 1653230415262
Timestamp end: 1653232215827

#type       avg     std     min      p5     p10     p50     p67     p75     p80     p85     p90     p95     p99    p999   p9999      QPS   target
read      382.3   680.8    74.4   123.4   141.6   319.0   406.4   457.4   491.5   529.7   577.7   665.7  1181.1  9293.6 31454.5  18324.5    18414
read      363.6   684.0    74.4   121.7   139.0   302.9   376.8   419.5   447.4   478.1   518.2   588.4  1504.9  8154.0 32291.5  15159.0    15106
read      317.7   373.1    74.4   123.5   139.9   270.3   336.2   375.7   405.8   443.7   493.4   578.1  1285.0  3910.5 11869.7  93937.3    94128
read      379.2   381.6    74.4   119.6   135.2   257.2   344.8   413.6   475.3   611.6   887.6  1149.5  1507.7  3096.4  8722.9  52103.5    52081
read      371.8  1071.3    74.4   138.2   161.1   288.9   340.7   369.4   389.3   412.0   442.5   502.3  1763.2 14155.4 37126.5   8593.3     8518
read      400.2   522.5    74.4   117.8   133.4   258.8   347.7   422.2   496.5   686.1   965.8  1207.6  1597.7  4604.1 17344.8  53813.5    53635
read      357.8  1058.0    86.8   141.0   164.5   273.2   319.0   344.8   363.2   384.4   412.7   467.3  1898.8 12687.1 37299.3   7306.4     7287
read      305.5   285.8    74.4   119.7   135.3   268.0   331.7   370.4   399.9   435.5   480.5   546.6  1171.2  3093.5  9673.9  65011.5    65072
read      379.9   663.9    74.4   118.7   135.0   309.1   402.9   466.0   512.9   564.3   631.1   723.5  1040.3  9451.6 30114.0  22004.2    21961
read      332.7   335.3    68.9   119.0   134.3   260.7   328.5   373.1   409.5   455.5   523.8   857.4  1551.7  3069.2  9824.0  63555.1    63410
read      374.8   643.3    74.4   117.5   133.6   303.5   397.9   461.4   508.5   559.2   622.7   712.7  1069.8  8111.9 31865.0  22557.4    22613
read      310.3   358.9    74.4   122.3   138.3   266.5   332.0   371.1   401.1   438.3   487.7   567.1  1143.5  3267.2 13856.3  92603.6    92600
read      377.4   660.1    74.4   119.3   135.3   308.3   403.0   466.9   513.1   564.3   629.3   721.9  1018.9  8710.7 30547.9  21562.6    21544
read      311.8   313.7    74.4   121.7   137.6   270.2   336.9   375.8   405.2   442.2   489.8   565.2  1169.1  2962.6 11622.1  86010.8    86104
read      299.3   308.5    74.4   120.6   136.1   264.6   328.6   367.5   396.7   431.9   475.8   542.3   761.4  3367.9 11694.0  91795.8    91857
read      297.7   253.6    74.4   120.0   135.5   269.0   332.6   369.9   397.9   431.4   473.4   534.3   723.6  2557.5  9180.4  74570.4    74468
read      379.9   441.5    68.9   117.3   132.5   256.3   345.5   411.1   469.0   618.4   892.9  1132.7  1478.0  3710.5 14225.2  51093.6    51206
read      389.3   692.3    68.9   118.7   134.9   304.9   406.0   477.0   529.8   588.5   656.3   757.6  1135.7  9604.0 31214.9  24043.4    24059
read      307.0   309.8    74.4   121.8   137.4   267.1   333.2   372.5   402.1   438.4   484.7   553.5  1119.9  2862.9 11266.4  81112.5    81343
read      311.1   294.9    74.4   122.0   138.3   280.8   347.5   386.9   415.9   450.6   493.7   557.0   764.7  3376.1 10137.4  68219.8    68281
read      306.2   281.3    74.4   124.1   140.4   273.1   340.1   379.9   409.6   446.4   494.3   569.0   761.1  2839.5  9676.9  94654.1    94431
read      374.1   708.6    74.4   122.4   139.4   310.9   388.6   434.5   468.4   508.3   558.7   637.7  1116.9  7980.9 35652.1  16315.6    16363
read      405.6   660.7    74.4   121.6   138.1   308.0   420.3   503.2   569.6   637.2   712.3   819.2  1319.1  9096.6 28520.7  25005.8    24955
read      409.3   648.8    74.4   120.4   137.2   282.8   403.8   504.5   610.9   713.1   824.1   963.2  1266.6  8965.3 30452.1  35501.7    35485
read      367.5   755.8    74.4   124.2   142.4   305.2   378.0   419.1   447.3   478.6   519.3   590.5  1198.1  9675.0 32195.3  14096.1    14065
read      316.8   344.2    68.9   123.0   139.0   272.0   340.4   381.2   411.5   449.4   498.1   583.6  1251.5  3756.0 10049.0  84714.8    84695
read      310.5   290.5    74.4   121.6   137.7   279.4   346.1   385.1   413.9   448.5   491.9   556.8   772.0  3497.7  9775.1  69697.1    69790
read      298.4   257.1    74.4   121.0   136.5   267.8   332.1   370.1   398.9   433.1   475.4   538.0   728.9  2847.1  9725.9  83267.5    83218
read      400.0   491.5    74.4   119.9   135.5   270.7   372.2   447.7   533.0   709.4   907.7  1095.0  1456.7  5594.0 13654.0  42283.2    42166
read      323.9   335.8    74.4   124.4   141.1   275.9   343.3   384.8   416.4   455.8   508.1   604.3  1345.6  3291.9 11457.6  94189.4    93999
read      306.2   290.8    74.4   121.4   137.5   275.2   340.9   379.9   408.7   443.3   486.2   547.6   759.1  3034.2  9269.7  65775.0    65828
read      363.5   989.9    86.8   143.9   168.3   280.0   325.8   351.5   369.9   392.0   421.9   477.3  2212.9 13606.5 33912.7   7197.3     7237
read      306.5   318.9    74.4   121.4   136.9   266.7   332.7   372.0   401.7   438.3   484.6   556.0  1072.9  2948.6 10775.5  83154.2    83203
read      297.7   236.3    68.9   120.8   136.4   268.1   332.7   370.7   399.3   433.3   474.7   537.1   733.1  2964.4  7331.4  80741.5    80597
read      305.5   350.3    74.4   122.6   138.8   271.8   336.9   374.8   403.6   438.1   481.1   543.6   765.0  3467.0 12062.1  68416.3    68225
read      301.4   346.3    74.4   122.0   138.6   266.5   330.2   368.5   397.7   433.4   479.4   550.1   747.9  3495.4 14261.8  98076.5    98147
read      382.1   416.3    74.4   117.6   132.7   257.8   343.3   407.3   464.9   606.0   907.0  1175.7  1534.2  3586.0 10971.0  52872.4    52915
read      327.7   352.9    74.4   119.6   135.1   264.7   333.0   376.6   410.3   452.0   506.9   686.3  1478.6  3553.4 11568.3  64528.7    64464
read      306.4   259.3    74.4   121.3   137.4   277.3   343.2   382.7   412.0   447.3   490.7   555.3   744.8  2822.2  9078.9  71993.7    71871
read      367.4   734.4    80.4   120.8   137.5   301.2   376.8   423.6   455.3   491.3   539.5   617.8  1216.1  9380.7 31896.7  16293.7    16237
read      371.0  1086.4    80.4   138.2   162.2   281.7   334.3   362.9   382.7   404.4   434.8   491.4  2055.9 13378.1 37213.1   8573.6     8591
read      401.8   551.5    74.4   118.0   133.1   265.0   366.8   442.0   536.4   723.6   914.1  1098.4  1463.9  6240.5 15896.1  42966.4    42944
read      321.8   374.7    74.4   120.8   136.5   271.7   339.0   380.2   411.2   449.1   497.1   589.3  1426.2  3860.1 12423.2  63448.1    63594
read      300.0   271.1    74.4   120.8   136.2   270.4   334.8   372.5   400.7   434.5   476.0   538.1   740.6  3043.2  9564.7  77313.9    77148
read      383.3   419.3    74.4   118.5   133.6   258.4   341.9   408.4   468.1   616.7   907.7  1184.1  1543.7  3524.8 10312.0  53352.6    53316
read      391.7   479.2    74.4   117.8   132.3   252.4   334.7   400.4   462.6   649.9   986.0  1254.0  1583.4  4053.8 15302.0  53101.0    53184
read      371.3   665.3    74.4   120.5   136.9   310.2   395.3   449.4   487.5   532.0   585.1   668.1  1009.1  8840.7 31654.2  18833.5    18933
read      326.4   382.2    74.4   123.8   140.6   271.8   337.4   378.0   409.5   449.0   500.9   596.7  1550.1  4021.5 13090.5  97574.0    97566
read      302.7   309.7    74.4   120.8   136.3   272.0   337.4   375.2   403.7   437.1   477.7   540.1   735.7  3553.9 12015.5  71115.2    71047
read      389.8   581.6    74.4   120.3   136.5   299.6   408.7   492.5   560.2   627.4   703.1   807.1  1161.8  7141.5 30796.7  26360.6    26364
read      400.1   426.8    74.4   119.5   135.0   262.0   346.8   419.3   487.5   668.0   982.9  1285.1  1649.5  3431.1  9678.8  55804.8    55788
read      320.4   340.2    74.4   124.4   141.0   280.8   348.7   389.5   420.2   457.5   505.7   587.4   953.5  3966.6 11424.3  87110.8    87098
read      310.7   342.7    74.4   123.3   139.4   275.4   342.2   382.0   411.5   447.7   495.4   570.7   778.2  3602.4 12124.7  88961.4    88849
read      322.2   348.0    74.4   122.9   139.6   288.7   358.3   398.2   428.3   463.9   508.8   581.0   855.4  3596.0 12336.1  59147.4    59060
read      333.9   352.2    74.4   125.9   142.6   290.7   364.2   406.3   438.1   476.3   529.2   616.5  1189.2  3997.7 12117.7  74367.1    74349
read      402.2   478.9    74.4   120.3   135.7   272.1   361.3   427.0   486.9   612.9   962.5  1254.3  1614.3  4637.3 12413.6  47249.0    47143
read      410.3   488.1    74.4   119.8   134.8   267.2   360.1   432.8   508.3   758.9  1009.9  1231.6  1591.7  4734.9 11050.8  44683.7    44721
read      376.0  1099.5    80.4   148.1   173.7   279.9   326.3   352.4   371.5   394.5   426.3   493.1  2416.4 15670.9 32480.0   6697.3     6727
read      361.2   447.0    74.4   122.0   138.0   268.9   342.8   392.4   431.8   484.6   578.7  1057.5  1665.8  4372.6 16982.1  61624.3    61787
read      378.0   579.9    74.4   122.6   139.8   316.4   402.6   460.6   502.1   548.8   605.5   696.9  1234.5  6466.5 31072.4  18052.3    18048
read      403.7   579.9    74.4   119.9   136.4   275.3   385.7   471.9   589.4   720.0   846.4   995.7  1392.0  6130.3 27908.9  36933.8    36956
read      397.2   575.5    74.4   119.7   136.2   281.7   395.9   489.5   590.3   689.0   794.6   928.8  1268.1  6875.2 30882.1  33811.3    33823
read      368.2   794.1    74.4   127.7   147.6   298.3   365.9   402.8   428.3   457.7   498.5   574.1  1616.8  9613.8 35303.9  12430.7    12389
read      390.3   774.5    74.4   120.6   136.9   306.6   399.8   462.7   509.6   559.9   618.7   715.5  1445.2 10725.1 32129.4  21063.9    21127
read      382.1   832.6    74.4   122.7   140.3   306.7   386.3   434.7   467.8   507.6   558.8   637.4  1363.3 10049.6 35918.5  15924.6    15911
read      387.7   461.5    68.9   121.5   138.3   294.0   408.7   501.9   582.0   661.0   748.7   867.6  1168.5  4760.7 15881.5  29935.0    29959
read      399.1   488.9    74.4   119.0   133.7   255.2   338.9   405.7   467.4   644.1  1007.3  1305.5  1674.2  4131.7 13039.7  52801.4    52912
read      360.1  1027.8    80.4   138.6   161.1   277.2   326.7   353.7   371.8   393.7   422.8   474.2  1758.6 13515.7 36171.3   8280.9     8243
read      312.8   310.2    74.4   120.7   136.3   265.7   330.8   370.9   401.7   438.1   485.7   570.2  1468.3  3119.0 10197.5  87534.6    87525
read      388.7   496.6    74.4   119.6   136.0   282.7   393.4   476.7   571.3   675.3   784.6   915.1  1235.3  6267.9 18147.7  32361.4    32424
read      375.3   422.2    74.4   119.4   134.8   257.8   334.9   392.5   441.1   521.2   784.9  1238.8  1670.1  3754.4 10243.3  60496.6    60485
read      300.1   293.1    74.4   120.9   136.3   268.6   334.4   372.8   401.6   435.2   477.1   542.1   748.8  2938.8  9343.9  81405.0    81292
read      303.6   328.5    74.4   120.5   136.1   273.1   337.4   374.8   403.1   436.4   477.6   541.4   734.9  3298.0 12353.8  69112.3    69104
read      305.0   288.0    74.4   120.4   136.4   275.9   340.7   378.8   406.8   440.1   480.9   542.8   760.1  3093.1 10072.2  64142.8    64082
read      372.9   579.7    74.4   119.8   136.0   302.3   397.7   462.0   512.4   566.0   626.5   724.8  1051.3  7717.9 27858.3  23012.6    23012
read      391.5   467.9    74.4   118.1   133.0   252.7   332.7   398.9   461.2   619.1   974.4  1293.0  1671.3  3250.7 11652.8  57028.2    56999
read      387.7   817.2    74.4   120.1   136.3   305.7   390.6   447.0   488.0   535.7   588.9   674.8  1402.5 10960.6 32281.5  18922.0    19005
read      328.6   397.7    74.4   120.2   136.1   269.5   337.0   379.2   411.6   451.1   502.9   634.3  1480.9  4239.3 16350.5  63395.4    63452
read      297.2   304.2    74.4   119.4   135.0   268.3   328.6   365.8   393.4   425.9   465.0   522.3   703.3  3292.5 12524.2  60456.1    60527
read      387.3   496.0    74.4   120.9   138.0   286.2   397.4   483.4   572.5   662.9   758.6   883.7  1196.9  5435.9 15079.4  30964.2    30948
read      405.8   451.7    74.4   120.5   136.3   266.8   359.2   433.2   511.5   720.7   989.7  1242.5  1585.5  3600.0 12159.8  49531.7    49478
read      408.6   521.6    74.4   120.4   135.8   263.1   345.1   411.8   473.9   633.5  1033.6  1354.9  1725.3  3989.1 13970.8  54805.8    54688
read      405.1   694.9    74.4   122.9   139.7   308.7   416.1   499.3   562.9   625.9   696.3   799.3  1272.4  8365.4 31259.8  23297.8    23199
read      330.1   350.9    74.4   122.6   139.3   282.2   353.0   395.0   426.5   464.5   517.3   613.2  1402.9  3224.1 11753.5  64160.6    64074
read      314.9   307.2    68.9   122.7   139.0   283.3   351.0   390.9   419.9   454.6   499.2   567.4   774.4  3862.7 12551.0  67194.3    67199
read      311.8   296.4    74.4   122.2   138.5   280.0   347.4   387.4   416.6   451.3   495.4   562.3   780.4  3089.6  9388.4  63876.2    63846
read      394.1   460.6    74.4   119.6   135.7   275.9   381.2   457.3   550.8   703.2   850.1  1011.5  1336.8  5630.4 12800.9  37483.3    37571
read      371.3   862.8    74.4   132.4   154.0   304.2   371.4   408.7   435.2   466.7   507.8   578.2  1333.9  9001.7 37280.7  11499.3    11525
read      396.9   409.2    74.4   121.8   138.8   281.0   392.1   473.9   583.2   717.3   859.4  1018.4  1308.8  3890.2 13683.5  37285.4    37245
read      388.7   405.6    68.9   119.0   134.5   264.2   361.2   433.4   515.7   703.5   914.1  1101.5  1415.6  3069.4 10077.7  46462.6    46367
read      344.7   332.8    74.4   120.0   136.0   304.8   391.6   448.7   491.4   537.1   586.7   659.4   829.7  3683.0 10343.3  21339.5    21352
read      315.3   324.0    74.4   124.7   140.8   271.4   338.3   379.0   410.0   448.3   500.4   589.3  1100.1  3363.1 11214.3  93655.6    93588
read      322.5   322.3    68.9   128.9   145.7   284.3   352.8   394.1   425.8   464.6   517.2   600.4   846.8  3508.2 11139.7  94200.4    94213
read      312.9   262.0    74.4   122.5   139.2   283.1   348.6   388.5   417.7   451.7   494.5   560.0   815.1  3209.6  8893.6  54501.9    54443
read      311.1   303.3    74.4   126.3   142.9   275.0   341.5   381.6   411.7   448.7   497.9   576.8   797.5  3389.3  8694.9  99394.6    99460
read      315.9   340.3    74.4   124.1   140.5   281.2   349.4   390.1   419.9   455.0   499.7   569.7   806.3  3503.4 12853.2  73375.1    73341
read      388.7   828.6    80.4   130.2   148.5   307.5   383.3   429.9   463.4   503.5   553.6   635.7  1738.1 10007.5 32248.2  12666.6    12703
read      335.6   354.5    74.4   128.3   144.9   284.5   355.2   398.3   430.9   470.4   526.8   626.0  1475.4  3665.5 10318.2  86363.9    86277
read      315.1   330.5    74.4   122.2   138.5   283.3   347.6   386.4   415.0   449.2   493.3   560.3   877.9  4172.9 13236.2  57388.6    57296
read      326.5   335.6    74.4   125.9   142.1   290.3   361.4   402.2   433.1   469.4   519.3   593.9   899.9  3665.0 12441.0  70846.0    70829
read      322.1   324.1    74.4   125.1   141.5   287.9   357.9   398.2   428.3   464.4   512.1   586.7   858.4  3452.5 10429.8  71276.0    71239
read      368.0   434.5    74.4   123.1   139.5   306.7   402.1   470.4   525.4   581.1   643.6   737.0   996.8  5183.5 15048.0  22076.2    22061
read      388.2   504.9    74.4   122.9   139.6   303.7   411.6   500.8   572.1   642.2   725.4   833.2  1112.8  5822.6 27242.2  26621.7    26703
read      407.5   471.1    74.4   121.5   137.3   263.9   344.3   411.0   473.2   633.2  1010.9  1355.2  1743.4  3980.6 12931.3  57595.1    57680
read      404.2   429.2    74.4   119.6   135.0   265.4   353.8   425.6   496.5   692.0  1004.0  1282.7  1607.2  3025.3 11706.5  50561.6    50595
read      391.1   407.5    74.4   122.4   139.5   301.2   419.2   523.8   600.3   675.4   756.2   865.4  1150.4  4677.4 12103.4  26793.2    26712
read      388.1   450.3    74.4   125.1   142.7   321.9   420.5   489.2   542.4   600.1   673.0   782.4  1163.9  5978.8 15764.5  20258.7    20185
read      393.5   384.5    68.9   120.0   135.6   260.4   347.8   418.6   489.7   669.0   958.0  1258.0  1568.4  2534.6  8638.0  53572.6    53550
read      312.0   286.3    74.4   124.9   141.2   272.0   336.8   375.5   405.4   443.8   495.6   578.8  1147.8  3107.0  9765.2  99276.4    99266
read      400.8   398.8    74.4   122.4   138.9   275.1   362.8   432.1   498.3   643.2   953.3  1251.5  1567.6  2801.8 11425.0  50085.9    50118
read      330.9   326.4    74.4   124.8   141.4   289.0   360.6   402.4   434.6   473.9   528.2   612.6  1247.8  3419.3 12124.6  74079.4    74046
read      318.7   286.1    74.4   126.9   143.6   283.5   353.5   394.8   426.0   464.5   517.5   596.3   822.3  2893.4 10465.3  90541.0    90554
read      397.5   375.8    74.4   124.6   142.1   301.9   412.7   498.6   600.9   714.1   819.2   943.2  1178.5  3408.3  9974.1  30179.8    30326
read      411.5   429.9    74.4   122.3   138.2   271.0   357.2   428.9   498.8   710.6  1065.8  1310.8  1599.6  2755.3 10887.9  48484.9    48464
read      362.8   320.5    74.4   124.0   141.1   313.5   406.9   474.1   525.9   579.3   640.5   730.2   921.6  3469.9 12594.1  22008.8    22034
read      392.9   374.9    68.9   121.3   137.6   265.1   354.4   426.7   504.8   678.2   935.0  1203.5  1529.6  2757.2  8410.8  49907.6    49975
read      387.3   360.3    68.9   120.6   136.7   267.8   365.0   436.7   526.1   702.3   909.3  1108.0  1368.9  2125.8  9526.4  43393.6    43347
read      311.6   318.3    68.9   121.2   137.2   270.2   337.7   377.9   408.3   445.7   495.6   579.7  1127.0  3057.9 10222.3  87254.6    87230
read      379.9   926.0    74.4   123.3   142.5   293.0   358.8   398.4   427.0   459.2   501.2   579.1  2319.8 10748.6 36589.0  13068.5    13093
read      317.5   291.6    74.4   121.7   137.8   270.7   339.6   381.4   412.9   451.4   502.4   592.5  1356.1  2977.6  8122.2  84238.5    84323
read      300.8   288.4    74.4   120.5   136.1   266.0   332.0   371.4   400.6   436.3   483.8   557.3   769.8  3102.8  9464.5  91979.2    92035
read      376.5   581.6    74.4   120.5   137.0   304.1   402.8   472.0   525.6   580.5   645.1   740.0  1035.0  7090.0 30132.7  22875.5    22941
read      298.8   302.5    68.9   120.4   136.0   258.9   321.1   360.2   389.8   425.6   471.5   545.9   998.9  2998.8 12178.3  99668.5    99682
read      293.5   283.0    74.4   120.1   135.6   260.7   323.8   362.0   390.5   425.1   469.4   540.5   732.0  2850.5  9771.6  97114.8    96971
read      383.6   480.9    68.9   116.3   131.9   261.7   361.0   432.4   516.1   674.7   844.3  1033.5  1367.7  5345.3 18016.0  43628.8    43679
read      298.5   267.5    74.4   117.2   132.4   261.5   324.1   362.5   391.0   424.8   467.0   537.7  1193.3  2956.0  7999.3  69176.1    69257
read      287.9   275.0    74.4   116.5   131.4   260.7   320.7   357.9   385.5   417.4   456.1   509.1   669.3  2887.1 10418.2  70582.5    70662
read      383.1   718.5    74.4   119.1   135.3   291.7   393.7   468.4   530.9   594.1   666.6   768.4  1098.8  7973.4 35193.3  26474.8    26460
read      379.3   403.0    74.4   118.0   132.9   246.6   326.4   392.6   451.8   604.9   933.0  1250.8  1577.2  2836.8 10088.7  58706.5    58710
read      293.3   306.6    74.4   118.2   133.0   259.7   322.6   361.2   389.8   423.8   465.7   530.6   821.6  2688.8 12676.1  83267.7    83374
read      296.7   250.3    74.4   121.3   137.0   263.4   328.1   367.4   396.8   432.0   477.9   549.9   750.1  2738.0  9025.3  97960.2    97959
read      342.6   312.8    74.4   119.7   136.5   301.1   388.3   442.8   486.8   534.0   588.5   675.3   866.4  3350.1 11866.5  23731.3    23640
read      294.0   277.4    68.9   117.3   132.6   257.9   318.3   355.5   383.3   416.4   456.9   522.7  1215.1  1989.7  9110.3  67894.9    68020
read      276.8   183.5    68.9   116.6   131.8   254.3   314.6   349.8   375.9   406.0   442.7   496.0   622.6  1493.6  6599.8  84364.2    84425
read      273.4   173.0    68.9   117.0   131.9   249.0   309.0   344.2   370.9   402.3   441.9   500.5   630.4  1422.0  5657.0  98424.9    98511
read      277.3   176.1    68.9   116.9   131.9   253.8   314.9   350.3   376.8   407.8   446.3   501.8   634.0  1500.1  5480.7  88287.9    88421
read      277.0   174.6    68.9   116.7   131.8   254.2   315.3   350.6   376.7   406.6   444.2   498.5   621.5  1560.4  5460.9  85412.3    85257
read      278.1   353.3    74.4   140.3   162.3   263.9   296.0   312.6   323.9   338.6   357.9   392.7   538.5  3879.8 19149.1   9435.2     9387
read      296.6   199.4    74.4   126.2   145.8   275.8   339.4   375.2   398.6   423.2   452.1   496.9   630.7  1657.1  8421.4  27398.9    27434
read      303.0   223.6    68.9   121.0   137.7   276.8   344.7   383.9   412.1   445.8   489.3   556.3   731.2  1722.9  8488.9  77776.8    77756
read      288.5   262.0    74.4   120.1   137.0   275.7   340.4   367.9   385.6   403.7   428.5   467.0   599.0  3385.6 12302.6  20410.0    20424
read      294.8   205.4    74.4   118.9   135.1   271.7   336.1   373.1   400.0   431.7   470.2   530.4   677.2  1769.6  7458.6  65948.5    65860
read      290.7   214.0    63.8   118.2   134.6   266.9   330.7   368.3   395.5   427.0   465.0   522.5   657.9  1496.0  9201.3  60880.1    60945
read      292.4   285.2    74.4   130.5   150.0   285.6   328.3   348.7   364.0   381.1   402.1   440.0   581.6  3833.4 10589.2  12590.1    12717
read      294.6   238.2    74.4   122.4   140.9   272.1   341.7   377.6   399.9   423.9   452.4   496.2   628.0  1833.1  9936.3  26756.8    26767
read      289.0   192.3    68.9   119.2   134.9   264.2   329.0   365.9   393.1   425.4   465.8   530.4   686.1  1458.2  7064.7  86379.1    86419
read      290.8   207.9    68.9   119.1   135.1   267.9   331.7   368.2   394.7   425.8   464.8   524.3   665.6  1490.0  7768.1  71233.9    71260
read      298.1   200.2    68.9   122.3   139.0   270.0   336.5   375.2   403.4   438.2   484.9   556.5   726.1  1651.2  7402.0  94607.3    94668
read      302.2   210.2    74.4   123.8   140.6   272.6   339.9   379.1   408.1   444.3   492.4   568.0   741.2  2035.2  5923.5  96397.9    96053
read      282.2   294.1    80.4   140.6   162.8   270.1   303.1   319.8   332.9   346.5   368.3   401.8   554.8  4520.6 12534.8   9389.8     9400
read      302.5   225.5    74.4   122.8   141.8   282.1   343.0   379.2   404.8   434.8   469.0   520.1   661.4  2002.7  7065.3  46218.2    46220
read      287.2   205.5    74.4   118.7   136.1   263.8   332.7   371.5   395.6   421.1   450.9   495.6   610.0  1365.5  9332.1  32147.5    32240
read      275.9   187.5    68.9   116.8   131.8   250.8   312.2   347.9   374.6   405.4   445.2   504.1   639.1  1542.0  5976.9  96126.0    96175
read      281.1   194.0    68.9   116.4   132.5   260.2   320.0   356.0   381.9   411.0   446.4   496.2   623.1  1373.2  6973.9  58150.0    58211
read      280.8   224.3    68.9   115.5   131.4   258.2   318.9   355.5   381.9   411.4   447.5   498.8   620.8  1461.7  7469.1  57847.8    57737
read      282.5   177.5    68.9   116.5   132.3   261.2   322.4   358.3   383.9   413.6   450.9   503.5   635.8  1453.1  6301.9  68327.9    68388
read      282.9   191.7    68.9   118.4   134.0   256.0   319.1   356.6   384.2   416.9   459.3   524.3   678.4  1509.6  6198.2  97042.7    97053
read      280.7   185.3    68.9   117.3   132.5   256.3   319.0   355.7   382.2   413.6   454.2   510.4   646.7  1493.6  5691.5  90076.8    90004
read      278.3   194.0    68.9   118.6   133.9   253.0   314.1   349.9   376.7   408.4   449.9   508.3   639.2  1448.8  6836.5  96190.9    96114
read      282.8   186.1    68.9   120.2   136.1   257.8   319.8   356.2   383.0   414.7   454.9   510.9   649.2  1600.3  6381.9  86827.5    86705
read      276.8   197.8    74.4   115.9   131.5   247.7   318.7   360.4   386.5   413.7   445.0   488.5   604.0  1361.2  7382.3  36136.6    36094
read      276.2   179.2    68.9   116.9   131.9   252.8   314.5   349.8   376.0   406.9   447.4   503.5   626.8  1319.7  6338.7  92046.1    92024
read      275.6   194.3    74.4   115.0   130.3   245.1   320.2   361.1   386.3   413.1   445.0   490.0   609.1  1245.6  6975.7  34053.9    34035
read      277.2   183.8    68.9   115.7   131.4   257.7   315.9   350.1   375.1   404.9   442.9   492.3   603.2  1346.5  6218.1  60570.3    60558
read      282.0   183.3    74.4   116.9   132.4   262.0   322.1   357.6   383.3   414.6   452.7   502.9   624.1  1418.9  6517.1  69699.9    69775
read      274.1   180.6    74.4   115.7   131.1   248.6   324.4   360.9   383.8   408.0   435.4   471.7   581.3  1092.1  7414.7  29741.8    29747
read      274.4   324.4    80.4   147.2   169.3   258.8   287.6   303.1   314.3   327.9   345.5   380.9   536.7  4919.0 11886.8   7652.8     7574
read      304.1   183.0    74.4   125.0   144.4   287.5   346.3   381.9   408.5   439.3   473.8   523.3   641.5  1355.9  6803.0  44740.6    44710
read      286.7   283.7    80.4   137.1   161.7   272.9   310.6   329.9   342.9   359.5   380.1   419.3   566.9  4597.8 10976.2  11473.2    11467
read      293.0   294.7    80.4   141.0   164.7   277.8   316.4   337.0   351.4   369.3   394.2   435.2   591.2  4396.2 12386.9  11105.7    11079
read      301.4   243.0    68.9   120.7   138.7   280.1   342.5   380.8   408.3   438.8   472.3   523.1   660.3  1545.2  9712.2  47635.3    47562
read      296.9   187.1    68.9   119.5   136.0   273.5   339.6   378.8   407.0   439.1   476.7   531.6   684.4  1543.8  6471.2  58785.8    58743
read      295.0   179.1    74.4   118.8   134.8   272.5   338.6   377.2   405.2   437.3   475.0   531.0   672.6  1592.5  6500.1  64567.0    64407
read      291.9   215.1    68.9   118.1   134.0   269.2   333.5   372.0   399.9   431.3   467.6   520.4   648.6  1461.4  8809.9  60105.7    60045
read      292.0   183.6    68.9   121.1   137.5   265.6   330.8   369.3   397.8   432.1   475.5   542.8   697.9  1378.5  5462.8  96933.0    97025
read      279.7   366.5    80.4   144.5   167.1   262.7   292.9   309.2   319.8   335.1   354.4   390.0   535.0  4374.8 12864.8   8373.1     8383
read      313.3   198.5    68.9   124.5   142.6   293.6   360.0   398.5   426.8   458.5   496.7   551.0   705.0  1573.8  7823.3  63762.9    63777
read      291.8   212.6    74.4   121.5   139.5   270.7   343.7   378.3   399.1   422.0   448.9   489.7   624.2  1939.9  8452.9  24627.3    24575
read      288.5   310.9    80.4   139.3   161.7   275.4   312.4   332.1   345.5   363.4   385.9   425.3   565.3  3935.2 13744.9  10185.8    10177
read      282.2   196.3    63.8   118.2   133.6   258.4   320.3   358.6   386.1   417.6   456.2   509.2   639.5  1410.0  6831.3  85947.5    85980

Total QPS = 54194.2 (97549600 / 1800.0s)

Total connections = 64
Misses = 0 (0.0%)
Skipped TXs = 0 (0.0%)

RX 24094751200 bytes :   12.8 MB/s
TX          0 bytes :    0.0 MB/s
Warning! Detected max cpu usage > 95%
CPU Usage Stats (avg/min/max): 99.96%,35.75%,100.00%
