./mcperf -s $INTERNAL_MEMCACHED_IP -a $INTERNAL_AGENT_IP --noload -T 16 -C 4 -D 4 -Q 1000 -c 4 -t 1800 --qps_interval 10 --qps_min 5000 --qps_max 100000
Random waveform, random seed
Total number of intervals = 180 (35287, 14271, 17436, 17944, 9097, 85796, 55519, 26960, 96739, 37774, 16784, 83654, 65716, 17738, 60163, 77793, 75230, 32487, 77751, 29790, 66212, 99080, 61398, 26830, 6307, 32240, 7014, 34981, 86450, 23868, 98736, 71027, 69859, 10493, 92190, 68413, 28603, 69419, 27655, 96461, 22299, 36522, 64955, 58585, 72605, 88493, 66523, 92988, 74931, 36924, 66209, 37236, 81627, 5143, 36388, 84707, 87836, 36596, 62538, 8871, 97186, 54990, 72123, 70002, 38050, 94543, 90995, 19905, 93746, 98345, 53655, 54249, 64278, 85068, 73946, 14648, 82863, 67170, 40386, 21485, 44464, 51924, 26130, 25075, 45091, 51757, 67885, 98774, 43672, 53944, 58303, 82888, 14873, 69860, 26181, 27187, 22496, 34221, 55733, 10542, 57923, 57133, 81637, 73069, 12065, 88379, 44586, 13031, 91756, 88647, 92108, 11489, 7482, 15539, 56120, 57047, 67434, 19395, 62743, 31213, 43760, 5620, 71182, 17054, 56625, 96615, 46634, 39101, 76118, 38068, 7249, 6613, 44539, 90938, 16042, 57651, 53770, 88066, 9256, 97336, 8272, 85858, 43144, 11333, 51041, 13028, 33019, 92532, 16291, 56538, 56819, 25051, 24150, 95318, 96042, 19394, 50382, 48720, 49605, 95072, 46925, 93393, 45534, 84652, 17871, 13507, 7521, 9834, 26357, 29287, 63571, 65694, 29484, 59329, 26675, 64106, 37346, 40681, 33287, 37717)
Average QPS expected = 50706
Timestamp start: 1653294620808
Timestamp end: 1653296421228

#type       avg     std     min      p5     p10     p50     p67     p75     p80     p85     p90     p95     p99    p999   p9999      QPS   target
read      396.9   384.7    80.4   125.7   140.7   263.0   386.6   506.0   656.2   759.9   857.2   982.4  1263.7  4763.2  8966.7  35243.6    35287
read      375.4   806.3    80.4   130.3   145.8   299.7   378.1   425.0   457.5   493.5   539.6   621.7  1284.3 10611.3 32028.3  14351.6    14271
read      391.1   848.3    80.4   128.3   143.1   303.1   392.1   450.7   493.0   539.3   598.3   685.1  1735.7  9861.9 31977.4  17483.5    17436
read      392.7   794.3    86.8   128.1   143.3   309.1   405.4   471.8   518.1   572.5   642.1   727.2  1085.8  9818.1 31932.2  18023.5    17944
read      385.4  1154.7    86.8   141.0   159.8   286.6   348.3   380.3   402.5   428.6   463.3   527.9  1994.0 16132.3 32322.4   9114.4     9097
read      352.2   443.7    80.4   124.4   138.6   242.2   304.3   350.7   392.9   453.6   573.9  1140.8  1934.5  3592.6 12764.0  85649.5    85796
read      386.0   443.9    80.4   123.5   137.6   249.7   327.3   400.9   472.3   659.3   963.5  1205.2  1538.5  3571.8 12474.4  55536.4    55519
read      407.3   632.8    80.4   126.3   141.0   287.5   417.7   521.3   614.1   697.0   769.4   869.4  1237.7  7490.9 30391.2  27019.6    26960
read      400.6   489.5    80.4   127.6   143.6   264.1   336.1   391.0   436.2   501.8   682.3  1462.3  2327.5  3809.1 11910.9  96579.0    96739
read      391.4   402.0    80.4   122.6   137.6   261.4   381.3   493.7   642.9   755.1   855.0   979.2  1241.0  3866.2 11487.4  37726.9    37774
read      399.9   983.7    86.8   128.3   142.9   301.4   388.3   447.4   489.0   533.7   586.2   675.5  1909.4 11905.4 38500.5  16839.3    16784
read      345.4   417.9    80.4   123.4   137.2   240.5   302.2   347.0   389.6   451.0   575.6  1106.0  1818.0  3317.5 13417.8  83570.8    83654
read      392.7   472.8    80.4   122.9   137.0   250.3   326.2   391.1   455.8   583.5   947.8  1329.1  1797.5  3528.9 12467.1  65724.4    65716
read      367.3   618.5    80.4   128.1   142.6   301.3   386.6   441.3   486.5   537.5   595.1   688.2  1070.9  6907.2 31060.4  17797.5    17738
read      394.2   443.4    80.4   122.1   136.5   251.8   332.4   408.8   487.0   698.6   983.5  1246.7  1612.1  3013.1 12741.8  60274.0    60163
read      346.0   396.5    80.4   122.9   136.5   241.7   306.3   353.4   396.0   455.2   566.3  1111.8  1833.9  3149.0 10180.3  77915.5    77793
read      342.4   429.0    74.4   123.5   136.9   244.3   308.8   353.7   394.3   449.5   538.6  1027.5  1807.6  4225.1 11446.5  75314.7    75230
read      398.0   431.8    80.4   124.9   140.0   272.7   405.3   522.8   641.0   745.8   828.7   939.8  1235.0  4256.6 11849.7  32493.8    32487
read      346.4   411.2    80.4   123.4   137.0   242.0   307.1   354.0   396.0   455.9   564.1  1094.6  1818.0  3510.1 12353.3  77759.9    77751
read      390.6   625.5    80.4   124.3   139.0   273.3   395.9   483.7   578.6   679.2   770.8   873.6  1162.1  6887.4 30966.3  29806.0    29790
read      402.0   457.0    80.4   124.3   138.6   254.7   333.2   401.5   470.2   627.2  1002.3  1355.0  1813.3  3322.5 12598.2  66299.9    66212
read      394.2   512.6    80.4   128.2   144.1   262.1   329.7   382.4   425.9   481.0   594.3  1468.2  2266.7  4271.7 15204.6  99178.6    99080
read      389.8   433.0    80.4   123.5   137.9   254.6   334.0   401.1   469.2   612.1   934.5  1248.5  1663.2  3819.4 11149.2  61399.4    61398
read      401.2   689.8    80.4   124.5   139.6   285.2   407.1   501.0   583.3   664.6   749.1   844.3  1193.7  9696.6 31086.3  26889.8    26830
read      369.8  1260.0    93.8   148.9   167.5   267.6   311.4   334.7   351.8   371.5   396.9   442.7  2842.6 28242.2 40193.6   6355.6     6307
read      392.2   415.2    80.4   123.9   139.1   272.3   402.5   514.8   623.9   729.7   817.8   928.7  1180.5  4583.7 11912.5  32210.4    32240
read      373.8  1201.7    93.8   146.0   164.9   274.6   322.3   347.9   366.8   388.7   416.8   466.9  2466.2 25572.1 36852.7   7012.9     7014
read      409.8   513.4    80.4   126.4   142.0   274.2   400.0   509.7   647.8   776.4   874.1  1000.5  1296.7  5401.9 17253.6  34978.1    34981
read      356.1   416.3    80.4   125.4   139.8   245.1   310.0   356.9   398.6   458.4   576.3  1140.2  1989.0  3467.1 11657.3  86362.8    86450
read      390.4   623.6    86.8   128.0   142.7   295.4   405.4   479.0   547.1   624.4   706.2   809.1  1196.6  8919.1 30703.1  23921.0    23868
read      393.2   457.5    80.4   129.6   145.5   264.9   336.5   386.7   428.0   485.4   629.4  1452.4  2128.6  3544.7 10469.9  98620.4    98736
read      370.7   409.0    80.4   123.9   138.0   246.5   315.4   369.6   422.1   505.4   786.2  1280.9  1807.2  2848.5  9667.2  71255.1    71027
read      381.6   432.0    80.4   123.3   137.4   247.1   319.2   379.1   436.9   539.2   891.5  1311.9  1809.5  3272.0  9300.5  69860.9    69859
read      366.0   815.3    86.8   137.2   156.4   297.6   361.9   396.8   420.4   447.2   481.7   541.6  1586.3  9932.4 35285.4  10433.2    10493
read      384.6   503.1    80.4   127.9   142.9   254.0   321.8   372.4   417.8   485.3   680.9  1358.1  2114.8  4152.6 15528.0  91931.8    92190
read      377.3   444.9    80.4   124.1   138.0   248.7   320.3   377.9   431.4   513.1   814.6  1293.1  1817.2  3489.7 10883.5  68325.2    68413
read      388.9   499.1    80.4   125.9   140.6   280.4   407.7   503.4   592.3   682.1   779.2   873.4  1121.9  5461.6 25456.1  28568.9    28603
read      387.0   458.8    80.4   125.2   139.5   251.2   324.4   385.2   445.6   549.1   902.2  1318.9  1792.8  3276.0 12469.7  69456.7    69419
read      400.2   586.9    80.4   129.1   143.8   285.5   413.8   515.7   607.3   695.3   790.0   882.7  1151.2  6672.2 31001.7  27646.2    27655
read      385.5   482.8    80.4   128.5   144.1   262.8   333.3   384.7   427.1   483.6   599.8  1359.5  2237.4  3815.3 12464.1  96274.5    96461
read      404.5   736.2    86.8   128.7   143.1   302.2   412.2   494.0   558.3   626.4   701.7   814.0  1339.8  8978.6 31703.9  22321.9    22299
read      404.1   500.6    80.4   124.4   139.7   264.5   388.9   502.2   641.0   771.3   872.1   992.8  1289.4  5374.2 13808.2  36453.4    36522
read      397.2   431.1    80.4   123.6   138.0   251.7   331.5   402.2   476.3   664.6  1001.5  1299.8  1719.9  3144.1  9990.5  64838.0    64955
read      398.4   468.6    80.4   123.0   137.3   251.7   334.0   412.7   495.9   724.4   998.0  1245.2  1581.2  3546.9 14318.9  58732.4    58585
read      377.4   449.0    74.4   123.0   137.1   244.7   316.1   371.6   426.4   516.9   829.6  1301.9  1857.5  4004.4  9562.2  72638.4    72605
read      350.0   417.9    80.4   125.5   139.8   246.1   311.7   357.7   397.7   455.2   559.6  1053.4  1961.6  3457.2 10781.3  88559.0    88493
read      385.7   443.4    80.4   123.4   138.1   250.7   326.0   389.1   450.8   564.0   917.4  1293.8  1731.2  3392.9 10644.7  66494.8    66523
read      366.3   435.4    80.4   128.1   143.1   257.1   323.3   370.3   411.0   467.3   570.2  1187.9  2065.5  3478.9 12399.9  93188.8    92988
read      338.9   379.5    80.4   124.0   137.7   245.4   312.9   359.6   399.1   454.3   539.8  1000.3  1766.8  2896.5 10961.0  75147.6    74931
read      398.0   418.7    80.4   124.9   140.3   265.5   385.1   494.0   633.8   769.3   882.8  1000.6  1252.6  3898.7 11696.1  36827.7    36924
read      392.7   456.9    80.4   124.4   138.8   253.3   332.4   396.3   457.6   569.9   936.7  1301.7  1797.7  4067.5 12242.4  66038.9    66209
read      413.4   473.7    80.4   126.1   141.6   275.4   397.6   503.7   644.8   800.9   916.7  1053.8  1349.3  4349.3 15183.6  37114.2    37236
read      368.2   441.1    80.4   127.8   142.1   253.8   324.2   375.1   420.4   484.7   615.7  1147.1  2019.6  3935.0  9734.4  81608.2    81627
read      354.8  1218.1    93.8   154.3   172.8   259.8   298.3   321.8   337.2   355.1   379.2   425.6  1773.5 25180.7 32502.7   5134.0     5143
read      423.1   554.7    80.4   126.5   142.3   275.1   398.2   507.3   644.3   789.7   907.5  1044.3  1479.1  5382.3 20373.4  36161.2    36388
read      368.6   447.1    80.4   125.8   140.4   249.3   317.3   367.5   412.4   476.2   623.4  1209.0  2037.1  3989.8 11569.3  84639.4    84707
read      382.4   465.9    80.4   128.4   143.8   262.9   333.1   385.0   430.6   494.1   617.2  1249.7  2228.9  3951.6 11193.6  87825.4    87836
read      402.7   527.0    80.4   125.0   140.3   267.8   386.2   481.6   599.0   737.5   877.0  1002.3  1297.1  6630.3 19339.0  36523.9    36596
read      406.5   462.8    80.4   124.6   139.2   258.5   342.7   414.5   485.8   646.4  1009.2  1332.2  1790.6  3730.9 13009.3  62561.1    62538
read      371.7   960.4    86.8   140.2   159.4   287.0   350.1   379.7   400.1   425.7   458.6   516.3  1933.4 12039.8 35169.5   8922.9     8871
read      425.6   522.6    80.4   131.5   148.9   275.1   358.2   412.0   455.7   519.6   869.3  1542.5  2379.6  3902.9 13306.1  97089.3    97186
read      414.5   491.6    80.4   124.5   139.4   262.2   352.3   431.7   513.5   741.3  1031.9  1260.7  1688.7  4426.1 15462.3  55077.3    54990
read      358.5   431.2    74.4   124.6   138.8   248.2   316.9   369.7   415.8   480.0   610.1  1166.5  1787.7  3358.6 12387.1  72131.9    72123
read      375.5   416.3    80.4   124.2   138.6   249.7   322.5   382.0   434.6   517.7   786.6  1266.4  1828.6  3266.5  9527.1  69911.5    70002
read      403.0   470.9    80.4   124.2   139.8   262.8   383.4   489.9   627.1   765.7   896.3  1019.9  1313.8  4843.4 13109.3  38063.7    38050
read      410.3   486.6    80.4   129.5   146.2   269.1   344.7   402.2   450.7   521.9   762.9  1490.0  2334.4  3365.9 10702.5  94560.1    94543
read      406.0   484.0    80.4   129.4   146.0   268.1   342.0   399.6   450.9   525.5   744.6  1439.5  2298.5  3546.3 11348.2  91206.4    90995
read      382.8   736.7    86.8   128.5   142.9   299.3   399.7   466.1   515.6   566.3   625.9   716.7  1138.3 11160.8 31872.3  20012.1    19905
read      381.7   493.8    80.4   129.6   145.4   263.1   334.1   386.1   430.2   489.0   600.8  1272.6  2155.2  3689.8 14817.5  93635.7    93746
read      403.4   498.1    80.4   131.4   147.3   265.7   340.6   395.5   439.8   500.3   660.3  1503.2  2158.2  4463.1 10436.8  98294.9    98345
read      393.5   465.8    80.4   123.0   137.7   254.7   340.6   418.4   494.2   676.2   970.2  1188.5  1522.8  4015.3 13617.5  53663.5    53655
read      396.4   422.9    80.4   122.8   137.9   253.7   339.5   419.4   501.2   730.9  1024.7  1206.7  1501.7  3033.0  9666.0  54183.0    54249
read      404.1   461.6    80.4   124.4   139.1   255.5   338.0   412.1   491.2   663.1  1023.6  1323.3  1735.3  3602.5 11680.8  64199.2    64278
read      349.4   428.9    74.4   124.2   138.5   241.7   305.1   352.6   395.8   458.1   574.1  1090.3  1866.2  3787.2 10502.4  84959.0    85068
read      350.4   411.0    80.4   124.7   139.1   248.2   316.2   366.1   410.2   472.5   584.2  1076.9  1749.5  4210.4  9961.6  74069.7    73946
read      380.4   908.2    80.4   127.3   142.8   298.0   375.4   422.6   456.1   492.0   535.3   601.9  1568.6 12145.7 32218.7  14595.2    14648
read      360.3   438.1    80.4   126.2   141.0   249.4   316.6   367.7   413.3   480.6   612.2  1113.0  1895.8  3710.8 12209.8  82903.3    82863
read      389.8   436.8    74.4   124.8   139.9   255.1   336.0   404.7   474.2   594.3   911.7  1258.7  1703.6  3216.2 12315.8  67187.9    67170
read      406.2   488.1    80.4   125.4   141.3   268.5   384.3   488.8   617.3   772.2   914.7  1068.5  1319.9  4234.6 12809.4  40448.4    40386
read      396.8   742.8    86.8   129.1   144.1   304.5   411.6   489.0   544.8   599.1   659.7   747.0  1249.4  8473.8 31759.9  21401.2    21485
read      417.2   537.0    80.4   124.7   140.7   267.2   376.0   477.6   607.4   788.4   953.7  1126.2  1437.5  6378.2 17014.4  44425.8    44464
read      404.4   411.1    80.4   124.4   139.8   261.4   358.9   450.7   553.6   760.3   985.2  1180.4  1491.9  3551.6  9466.4  51887.6    51924
read      415.3   819.8    86.8   128.6   143.7   295.2   418.9   515.4   584.7   647.5   720.2   828.9  1301.8 10800.3 32254.2  26164.7    26130
read      409.4   757.1    80.4   129.1   144.0   294.4   416.8   513.8   583.4   646.6   717.6   819.1  1371.4 10323.6 31866.4  25018.0    25075
read      408.2   429.7    80.4   124.1   139.7   264.3   375.2   483.3   616.2   777.2   931.7  1116.6  1434.3  4457.6 10248.5  45071.2    45091
read      400.1   404.1    80.4   126.3   141.0   261.3   352.8   434.9   518.6   723.1  1002.2  1207.0  1485.1  3182.9  9583.1  51820.4    51757
read      393.4   397.0    80.4   126.8   141.7   252.3   332.0   406.5   483.6   644.7   976.4  1281.9  1676.2  2592.5  8469.6  67910.2    67885
read      403.2   469.6    80.4   131.0   147.4   270.7   345.4   398.9   443.1   504.7   676.2  1462.6  2354.7  3485.7 12372.6  98762.5    98774
read      410.3   439.8    80.4   127.6   142.5   271.0   371.9   460.5   547.5   748.8   984.8  1184.5  1461.9  3928.9 14893.9  43527.6    43672
read      418.2   427.9    80.4   128.0   143.3   269.8   363.0   446.2   531.0   739.3  1071.1  1307.7  1658.8  2621.7 10827.6  53985.0    53944
read      412.8   447.0    80.4   127.1   142.2   266.1   350.3   423.8   497.8   672.7  1070.4  1348.2  1706.7  2703.6 11902.6  58255.2    58303
read      367.9   403.3    80.4   128.5   143.8   262.6   334.6   386.5   431.1   494.7   614.3  1093.1  1936.9  3323.1 10164.4  82983.1    82888
read      385.5   732.1    80.4   128.3   144.3   307.0   400.7   461.5   501.9   547.1   597.7   679.8  1635.2  7333.6 31844.4  14925.5    14873
read      377.4   420.7    80.4   127.1   141.8   257.6   331.6   388.6   441.1   519.4   724.5  1265.4  1783.9  3352.0  9603.4  69829.8    69860
read      406.8   539.0    86.8   130.3   146.2   296.6   428.9   539.9   624.5   701.6   783.3   893.7  1180.0  6460.9 30082.3  26102.6    26181
read      400.0   423.6    86.8   131.2   146.9   294.8   424.9   529.9   621.7   704.4   787.4   902.6  1178.4  4342.3 13574.1  27177.2    27187
read      414.4   558.0    80.4   130.1   146.4   313.4   447.6   549.9   623.4   690.8   765.2   869.3  1196.1  6955.8 28224.2  22542.9    22496
read      399.8   408.1    80.4   123.7   138.2   273.6   394.1   502.9   639.8   760.7   869.2  1001.3  1261.5  3748.3 13208.0  34172.6    34221
read      406.7   440.5    80.4   124.0   138.1   260.1   340.5   411.6   482.8   661.9  1058.0  1341.0  1716.8  3339.9 10761.8  55834.3    55733
read      399.8  1151.0    86.8   134.8   154.6   296.4   370.9   412.9   441.8   474.2   516.7   588.8  2177.9 13009.8 37281.4  10563.6    10542
read      414.8   495.5    80.4   123.7   137.4   258.6   338.7   402.7   466.2   585.8  1096.3  1478.7  1904.8  3578.7 12853.2  57719.9    57923
read      414.8   507.2    80.4   123.2   137.2   262.7   343.9   410.6   474.4   608.5  1082.4  1426.8  1824.6  3954.5 13220.9  57047.1    57133
read      369.4   442.2    80.4   127.5   141.9   257.5   327.1   377.6   422.0   484.6   604.6  1135.8  2006.0  3825.4 11113.2  81684.2    81637
read      380.1   502.4    80.4   126.8   140.8   256.7   329.1   381.5   429.2   500.8   661.8  1292.8  1941.3  4332.0 13409.8  73090.8    73069
read      354.0   594.6    80.4   131.6   149.7   298.4   372.8   417.9   450.4   486.4   531.1   602.1  1022.3  6404.8 30999.7  12023.3    12065
read      422.7   613.8    80.4   131.4   147.8   261.9   332.9   386.1   436.0   520.2   914.1  1474.4  2517.4  5464.6 20771.4  88495.7    88379
read      375.7   409.6    80.4   121.1   135.2   254.3   344.7   423.4   499.4   660.8   853.2  1043.3  1346.2  4247.4 10444.1  44437.3    44586
read      365.2   741.2    86.8   130.6   147.8   298.7   369.6   414.6   447.7   485.6   533.5   612.1  1513.4  8671.6 32040.1  13028.7    13031
read      388.7   554.5    80.4   127.4   142.2   244.8   308.1   353.4   396.0   465.0   708.2  1378.6  2339.7  5524.0 12887.5  91710.4    91756
read      391.5   603.3    80.4   128.0   143.0   250.4   316.0   363.2   404.7   470.5   649.1  1355.0  2341.2  6211.4 23312.3  88670.8    88647
read      385.8   580.5    80.4   127.7   142.4   245.1   306.9   350.1   391.4   456.6   669.9  1367.9  2322.6  5151.4 18907.0  92150.7    92108
read      349.7   640.2    86.8   132.7   151.1   294.3   360.7   399.3   426.9   458.8   500.0   568.1  1268.3  8207.3 31382.2  11532.6    11489
read      345.4   835.4    86.8   144.0   163.9   274.1   323.9   351.5   371.1   393.9   424.0   477.9  1823.3 11109.8 31904.8   7455.6     7482
read      367.2   740.9    86.8   126.2   142.1   301.4   378.8   428.5   464.5   504.8   552.3   630.6  1085.9  9093.8 32376.3  15534.8    15539
read      384.2   499.4    80.4   121.5   135.4   250.6   329.9   397.4   462.1   593.6   903.8  1193.2  1570.8  5182.0 13662.6  56041.1    56120
read      391.2   446.9    80.4   118.2   132.2   248.0   327.0   402.7   490.3   731.2   999.6  1227.7  1545.7  3447.1 12855.6  57007.6    57047
read      384.1   440.1    80.4   119.5   133.1   243.4   315.3   375.5   435.9   555.4   968.0  1344.8  1743.5  3273.3 10150.3  67514.2    67434
read      376.3   751.7    80.4   120.8   135.5   297.2   388.4   450.8   496.6   543.5   597.9   683.0  1257.1  9394.6 32417.1  19423.4    19395
read      400.7   535.5    80.4   121.1   135.3   249.0   325.8   392.7   462.0   625.0  1013.8  1327.9  1740.2  5022.1 15336.9  62744.4    62743
read      390.4   517.7    80.4   120.3   134.9   272.8   398.0   507.8   608.4   700.3   789.6   900.1  1161.5  5856.2 20163.5  31313.2    31213
read      380.0   421.8    80.4   120.7   134.9   252.4   354.9   441.6   561.5   737.5   875.6  1019.9  1262.9  3176.5 13257.1  43697.1    43760
read      288.5   546.3    93.8   151.9   171.2   252.6   286.3   305.6   319.0   336.5   359.1   396.8   615.8  7131.7 28864.8   5604.6     5620
read      276.9   195.2    80.4   124.0   137.7   246.7   305.1   341.6   370.1   404.4   449.0   509.5   655.9  1789.7  6612.1  71203.2    71182
read      278.8   223.8    86.8   129.6   144.2   271.2   325.3   349.9   366.2   384.3   404.0   436.9   535.0  2413.7  9835.0  17100.7    17054
read      273.2   177.6    80.4   120.4   133.4   240.2   301.5   341.4   372.2   407.9   451.1   507.0   655.9  1555.4  5393.9  56481.3    56625
read      258.2   170.9    74.4   119.9   132.0   228.1   281.6   315.1   342.0   374.7   418.3   480.4   600.8  2058.1  5281.5  96742.8    96615
read      267.7   197.2    80.4   119.2   131.8   233.1   295.8   338.3   370.4   404.6   444.4   495.6   604.2  1505.7  7810.4  46635.9    46634
read      270.7   181.1    80.4   120.3   133.2   235.7   304.7   349.6   379.7   411.1   447.0   493.8   610.5  1307.1  5422.4  39136.7    39101
read      261.5   178.6    74.4   119.4   131.6   231.6   286.7   320.8   348.2   381.9   424.3   483.2   599.2  1791.1  5559.7  76175.3    76118
read      275.3   181.0    74.4   121.5   134.6   239.3   313.5   358.7   388.3   419.6   455.4   502.5   631.4  1173.8  5956.2  38237.9    38068
read      280.8   350.7    93.8   152.3   172.0   261.5   292.2   309.1   320.4   336.5   357.4   396.5   546.4  5108.3 13286.7   7282.1     7249
read      282.4   278.9    93.8   159.0   177.7   264.4   293.7   310.4   321.3   338.2   360.8   402.2   549.2  4198.9  9628.8   6643.7     6613
read      295.1   200.0    80.4   130.1   145.4   264.7   329.1   370.0   400.2   436.0   477.4   534.5   682.2  1551.8  6878.3  44506.9    44539
read      258.4   165.4    80.4   120.1   132.5   230.3   283.8   316.6   342.5   374.8   418.1   478.0   591.5  1798.1  4754.8  90880.4    90938
read      278.6   206.2    80.4   130.1   144.4   272.3   323.3   346.4   361.9   378.5   399.6   433.4   541.9  2545.1  8294.8  16087.3    16042
read      270.6   196.4    74.4   120.5   133.4   236.6   296.2   335.6   366.1   401.8   445.4   502.0   640.8  1588.5  7746.8  57713.5    57651
read      269.1   195.8    80.4   119.6   132.3   234.9   295.5   336.7   367.7   402.8   445.1   501.5   641.0  1510.9  6692.9  53757.8    53770
read      260.9   183.3    80.4   119.9   132.3   231.2   285.9   319.4   345.9   379.4   422.6   483.6   611.5  1855.3  5930.5  87936.0    88066
read      284.4   323.6    93.8   145.0   163.5   269.3   304.4   322.4   336.5   352.6   374.2   417.9   578.5  4815.8 10156.4   9254.3     9256
read      261.8   195.6    74.4   120.5   133.1   230.8   285.0   318.6   345.1   378.3   421.8   484.0   618.2  2190.0  6646.3  97253.8    97336
read      282.0   275.6    86.8   148.8   167.6   266.3   300.2   318.1   332.6   348.8   372.2   418.2   543.4  3982.8 10606.1   8277.9     8272
read      264.4   191.0    80.4   121.1   134.2   234.9   289.9   323.2   350.0   383.3   426.1   487.6   615.4  1914.5  5609.5  85885.3    85858
read      278.3   191.3    80.4   124.8   138.3   241.6   310.3   354.2   385.5   419.2   457.1   509.1   669.5  1508.8  5719.2  43159.5    43144
read      283.3   232.0    86.8   139.8   157.0   276.1   315.4   335.9   349.9   367.3   389.9   427.2   547.9  3255.0  9250.6  11381.6    11333
read      292.1   217.0    80.4   129.6   144.3   258.8   322.8   364.5   395.7   431.5   473.6   533.8   701.1  1729.3  7595.3  51118.0    51041
read      285.2   290.1    86.8   135.9   152.4   274.6   318.0   340.6   356.2   372.8   395.4   431.6   550.1  4018.4 12386.8  13105.8    13028
read      287.9   193.6    80.4   127.9   142.1   254.7   326.6   370.1   398.4   429.1   463.5   511.5   666.3  1760.8  6630.0  33040.1    33019
read      263.6   174.5    80.4   121.0   134.2   233.7   288.9   322.6   349.8   383.7   426.7   488.0   617.3  1905.4  5219.6  92690.8    92532
read      282.4   202.7    80.4   130.8   144.7   274.4   326.6   350.5   367.0   386.3   410.2   454.1   585.0  2642.5  7614.4  16351.9    16291
read      276.6   201.5    80.4   123.7   137.1   242.0   304.2   343.6   373.4   409.0   451.3   508.0   665.2  1759.1  7560.3  56481.0    56538
read      277.9   188.5    80.4   123.5   137.1   243.2   306.0   345.9   377.3   413.2   455.9   515.1   683.2  1708.0  5891.5  56848.8    56819
read      278.5   207.6    80.4   124.5   138.0   252.4   328.6   362.7   383.8   405.5   432.0   470.5   610.3  2161.1  7785.3  25108.7    25051
read      279.2   191.0    80.4   125.6   139.2   256.5   330.3   363.3   384.3   406.2   432.8   471.1   594.7  1823.3  6972.1  24182.7    24150
read      263.3   170.5    74.4   120.9   133.8   232.1   287.5   321.6   349.1   383.3   427.1   490.9   629.6  1936.6  5199.4  95401.7    95318
read      261.7   192.2    74.4   120.1   132.7   230.2   284.3   318.0   345.1   378.9   423.0   486.2   625.3  2138.8  5257.0  96021.5    96042
read      280.1   231.9    80.4   128.1   141.7   266.6   327.3   354.4   371.5   391.2   415.1   453.5   568.6  3305.9  9715.2  19416.2    19394
read      271.5   177.2    80.4   122.4   135.5   237.4   299.1   340.5   371.6   406.5   446.7   499.3   658.8  1521.3  5588.9  50329.1    50382
read      275.8   252.7    80.4   123.1   136.4   240.2   303.8   345.4   377.1   411.6   451.5   503.4   668.2  1477.9  8299.3  48802.0    48720
read      275.2   190.5    80.4   123.0   136.2   239.7   303.8   345.4   376.4   411.6   452.2   504.9   688.1  1464.7  6520.6  49696.8    49605
read      263.8   201.5    74.4   120.7   133.3   231.3   285.5   318.4   344.1   376.9   419.6   481.9   636.4  2156.2  5876.7  95061.4    95072
read      274.3   206.2    74.4   123.1   136.4   238.8   301.8   343.5   373.8   407.5   447.2   500.2   691.5  1474.4  6860.4  46910.1    46925
read      264.4   209.1    80.4   121.3   134.2   231.3   285.6   318.5   344.8   377.7   421.0   483.2   630.4  2299.0  8255.3  93399.1    93393
read      280.7   192.3    74.4   127.4   141.0   242.7   309.1   352.6   383.8   418.1   457.8   512.9   763.5  1464.2  5835.6  45640.4    45534
read      270.3   206.2    74.4   122.7   136.1   234.2   290.8   325.9   354.2   388.9   433.1   498.4   692.9  2036.1  5778.8  84515.4    84652
read      285.2   278.7    80.4   129.8   143.8   273.2   328.8   354.1   370.5   389.5   411.8   447.0   582.8  4325.8  9287.0  17937.0    17871
read      279.5   207.5    80.4   133.8   149.0   277.9   319.7   339.8   353.5   368.6   388.9   421.3   530.6  2017.5  7674.7  13540.9    13507
read      280.1   318.7    93.8   150.2   169.2   264.3   293.6   309.5   319.9   334.6   352.6   387.1   535.7  4499.7 12443.8   7480.0     7521
read      284.1   265.1    86.8   145.8   164.5   274.0   309.3   327.2   339.7   354.6   372.7   404.0   521.6  4035.6 10571.6   9834.6     9834
read      292.3   191.4    86.8   131.8   148.3   267.0   336.4   374.1   398.5   424.2   453.4   493.9   604.2  1783.5  7862.6  26293.2    26357
read      289.6   206.3    80.4   129.3   144.4   260.7   332.4   373.1   399.0   426.4   457.2   499.8   627.0  1441.0  8414.7  29307.5    29287
read      283.9   168.8    80.4   127.0   141.0   252.4   314.1   353.0   383.2   419.3   462.9   523.4   672.3  1699.9  4508.5  63626.6    63571
read      276.1   183.2    74.4   124.2   138.1   244.3   303.6   341.5   371.2   406.7   450.9   507.1   639.3  1720.7  6022.5  65662.2    65694
read      279.2   236.1    80.4   123.8   137.5   245.8   326.9   366.4   390.8   415.8   443.9   483.5   596.6  1995.5  8074.1  29558.6    29484
read      273.1   205.1    80.4   122.9   136.3   238.9   300.1   340.1   371.4   407.8   450.2   504.6   638.6  1597.6  7263.7  59347.9    59329
read      281.4   256.2    80.4   124.1   137.6   249.3   331.2   368.4   390.8   414.0   439.3   476.1   591.9  2932.8 11745.8  26722.4    26675
read      273.5   173.1    74.4   122.9   136.3   241.2   301.6   340.1   370.4   406.6   450.6   507.5   638.8  1608.1  5571.8  63974.5    64106
read      278.3   179.4    74.4   123.7   136.9   243.0   318.0   363.0   392.5   423.4   457.8   503.6   623.6  1275.2  5529.0  37380.6    37346
read      272.2   182.2    74.4   122.4   135.6   236.7   307.4   353.0   383.8   415.7   450.3   494.7   589.6  1393.6  6794.8  40772.6    40681
read      278.9   199.2    80.4   123.0   136.3   241.4   323.8   368.4   395.8   423.7   454.4   496.0   598.0  1762.2  7321.1  33240.4    33287
read      279.1   195.9    74.4   124.2   137.6   241.9   318.4   363.9   394.0   425.1   458.7   503.4   626.7  1565.8  7551.0  37681.3    37717

Total QPS = 50709.1 (91276328 / 1800.0s)

Total connections = 64
Misses = 0 (0.0%)
Skipped TXs = 0 (0.0%)

RX 22545253016 bytes :   11.9 MB/s
TX          0 bytes :    0.0 MB/s
Warning! Detected max cpu usage > 95%
CPU Usage Stats (avg/min/max): 99.96%,51.52%,100.00%