Random waveform, random seed
Total number of intervals = 180 (34452, 30895, 9681, 20453, 79787, 47156, 88061, 22093, 99437, 62144, 37521, 39166, 35867, 69429, 14726, 62735, 88490, 11771, 88417, 26563, 73048, 30006, 84966, 60308, 46835, 98194, 86533, 93300, 11572, 81996, 29155, 25513, 99344, 31538, 82225, 78116, 88668, 51596, 31095, 48805, 45887, 35479, 11080, 62505, 25156, 79205, 55328, 54837, 69350, 16531, 7767, 57599, 34470, 63541, 44175, 43195, 9603, 48655, 93508, 87001, 66900, 70341, 47702, 44729, 52870, 69520, 24653, 81783, 59494, 56115, 75620, 39370, 48515, 16983, 5049, 73154, 14713, 50309, 55555, 73579, 28919, 57412, 15180, 94593, 82215, 7090, 89287, 13439, 12236, 17851, 52592, 42921, 62887, 76800, 13795, 92183, 44153, 48292, 83737, 33373, 58682, 91420, 36191, 9905, 75421, 8458, 77403, 75501, 29099, 36824, 8449, 24339, 34162, 5931, 76035, 78025, 68766, 85001, 89562, 67840, 7408, 11411, 30247, 47852, 97283, 69161, 59246, 59856, 46256, 59976, 72659, 44335, 67652, 64434, 48237, 8571, 82643, 78259, 24328, 37604, 94552, 55075, 67085, 34858, 29694, 61633, 96516, 5863, 74364, 12122, 10057, 65765, 94787, 18101, 80432, 66207, 97428, 24697, 58233, 36466, 69311, 24268, 71849, 20162, 41389, 66653, 96102, 65042, 89240, 69762, 87536, 37502, 94563, 52982, 48870, 96069, 83385, 92932, 95859, 70461)
Average QPS expected = 53637
Timestamp start: 1653227659121
Timestamp end: 1653229459585

#type       avg     std     min      p5     p10     p50     p67     p75     p80     p85     p90     p95     p99    p999   p9999      QPS   target
read      371.1   311.1    74.4   119.6   136.3   281.1   393.2   477.4   551.1   635.2   748.0   922.1  1150.7  2166.5  8632.3  34426.8    34452
read      364.0   291.0    68.9   119.4   136.5   291.8   395.6   469.7   535.7   609.5   704.9   845.2  1079.3  1646.2  9190.3  31036.9    30895
read      297.2   306.4    74.4   136.2   159.5   277.4   327.0   352.4   369.8   389.6   413.7   454.7   598.8  3837.9 13376.6   9662.1     9681
read      336.4   235.3    74.4   123.5   143.7   311.5   389.9   434.9   466.7   503.2   546.7   618.8   769.1  1389.1  8754.2  20443.5    20453
read      351.1   363.8    68.9   115.9   131.0   229.6   296.1   351.6   407.3   520.6   770.0  1187.3  1677.6  2149.6  9249.3  79819.9    79787
read      349.3   301.3    63.8   113.0   128.2   249.6   360.5   440.0   520.3   608.0   726.6   904.8  1171.3  1885.6  8634.3  47115.3    47156
read      310.2   298.6    74.4   120.7   136.4   265.6   333.5   374.0   404.8   443.0   494.1   581.2  1174.2  3438.6  8898.8  88148.4    88061
read      371.7   683.7    68.9   118.7   134.1   300.1   391.0   452.2   500.6   550.2   610.5   697.6  1043.1  9074.4 31631.6  22151.0    22093
read      314.9   307.4    68.9   123.7   140.2   269.7   336.7   376.9   408.2   447.9   501.6   592.5  1239.3  3245.0 10001.5  99202.4    99437
read      307.2   371.5    74.4   120.1   135.5   273.8   341.8   382.0   411.2   445.0   487.3   546.7   740.5  3361.9 15926.5  62140.7    62144
read      385.3   537.1    74.4   117.0   132.3   264.0   378.0   463.8   564.7   678.4   799.7   976.5  1271.8  6107.1 27303.3  37562.6    37521
read      387.2   531.9    74.4   116.4   131.3   255.1   364.8   451.7   572.6   702.9   835.3  1002.0  1287.7  6362.4 17963.8  39211.8    39166
read      388.7   572.7    68.9   117.1   132.2   263.3   375.9   466.5   575.7   687.8   803.5   962.7  1248.0  6990.1 25603.9  35674.0    35867
read      303.9   351.9    74.4   119.0   133.6   265.8   331.8   371.4   401.3   436.3   481.8   548.2  1031.1  3202.1 16987.3  69430.5    69429
read      362.0   824.8    74.4   121.3   137.5   293.4   363.6   404.6   432.6   465.7   505.8   573.1  1216.6 10521.0 32197.1  14752.6    14726
read      367.4   410.5    74.4   117.8   132.5   248.2   323.0   385.1   440.1   539.0   817.3  1179.1  1587.8  3173.7 10189.9  62747.6    62735
read      296.1   301.1    68.9   120.0   135.0   262.8   328.2   367.0   396.0   431.0   475.7   543.6   731.3  2883.8 11064.1  88388.1    88490
read      366.6   998.1    74.4   126.4   144.6   287.6   350.1   385.1   408.4   435.2   471.8   536.6  1605.4 13533.6 36359.0  11786.8    11771
read      303.0   273.6    74.4   120.6   135.6   261.9   328.0   367.4   397.1   433.1   481.9   560.3  1087.7  3042.6  9134.6  88352.1    88417
read      388.7   730.2    68.9   118.3   133.7   290.2   393.6   473.1   538.3   606.2   682.1   790.5  1168.8  9520.7 31126.5  26603.4    26563
read      309.1   303.5    74.4   119.9   134.9   270.7   339.9   381.9   412.7   449.8   496.2   567.4  1007.0  3339.4 10147.7  73078.6    73048
read      376.0   562.1    74.4   117.1   132.2   277.4   385.1   465.6   544.6   625.7   712.4   833.1  1119.3  6850.6 29603.3  29982.1    30006
read      308.2   326.6    74.4   120.6   135.7   263.2   331.1   370.9   400.8   436.6   485.8   563.9  1232.0  3423.4 10192.6  85067.7    84966
read      301.4   260.9    74.4   118.4   133.6   271.6   339.1   378.6   407.1   440.7   482.8   541.1   741.1  3316.2  8644.5  60253.1    60308
read      388.7   500.2    74.4   117.1   131.9   252.3   345.8   428.0   527.5   713.3   910.7  1091.6  1399.8  5703.0 16804.1  46769.4    46835
read      317.5   313.5    74.4   121.4   137.9   269.6   336.2   375.9   406.6   445.3   498.7   594.2  1411.9  3127.1  9442.0  98152.5    98194
read      302.2   283.2    74.4   119.6   135.0   269.4   336.0   374.5   403.8   439.5   486.4   557.9   772.8  3146.8 10918.5  86640.2    86533
read      300.9   281.3    74.4   121.5   137.1   267.1   333.4   372.6   402.2   438.4   485.8   558.3   763.8  3105.0  9186.0  93489.3    93300
read      356.2   855.9    80.4   128.5   147.9   288.9   349.9   383.6   405.5   431.0   464.9   522.6  1410.7  9912.6 32209.9  11523.2    11572
read      318.0   310.1    74.4   124.9   140.8   273.4   344.2   387.3   419.3   458.4   508.3   592.3  1154.0  3316.7  8290.9  81902.6    81996
read      404.1   843.3    68.9   119.6   135.3   290.1   397.1   482.3   554.8   628.3   712.0   838.8  1222.0 12587.5 32293.3  29175.3    29155
read      378.2   690.2    74.4   117.3   132.8   291.2   393.3   472.8   529.8   587.7   653.6   750.0  1038.0  8388.7 32077.3  25565.1    25513
read      312.2   297.5    68.9   122.7   138.8   267.3   333.7   372.9   402.6   440.1   492.1   580.7  1327.1  3401.4  7970.2  99208.0    99344
read      380.4   568.0    74.4   117.6   132.2   271.1   380.8   461.5   549.5   645.3   747.6   903.5  1176.9  7568.4 25474.6  31539.9    31538
read      320.1   325.3    68.9   122.4   138.3   272.8   343.7   386.7   419.0   458.6   509.5   598.0  1269.8  3322.7  9352.4  82222.1    82225
read      311.0   358.4    68.9   121.5   136.9   274.4   343.8   385.0   415.2   451.5   497.8   568.4   789.9  3932.6 12495.4  78151.6    78116
read      306.3   341.3    74.4   122.3   137.9   269.4   337.4   377.2   406.8   443.4   491.2   563.8   771.2  3779.8 12407.0  88613.0    88668
read      380.4   380.5    68.9   117.7   132.6   251.2   339.1   419.3   507.9   692.9   918.9  1120.6  1419.5  2800.8 10060.8  51795.7    51596
read      393.4   585.5    74.4   118.0   133.2   279.5   397.4   494.1   586.6   676.6   773.2   919.1  1222.8  6555.9 26696.9  31149.7    31095
read      391.4   422.1    74.4   117.5   132.5   252.7   350.5   442.6   567.5   749.4   936.1  1107.4  1394.8  3985.5 10876.6  48869.1    48805
read      391.7   463.6    74.4   116.9   132.1   255.7   363.2   457.4   581.7   731.5   897.2  1064.6  1345.5  4782.4 13667.7  45906.1    45887
read      392.4   585.9    74.4   116.6   131.5   262.5   376.3   468.6   581.6   690.3   811.1   969.3  1285.8  6829.6 25607.6  35441.7    35479
read      346.3   690.4    80.4   129.4   150.3   290.5   353.3   385.2   406.1   430.9   463.6   520.9  1337.8  7997.5 30488.7  11069.3    11080
read      360.4   406.1    74.4   118.4   133.5   257.6   336.1   393.2   440.7   514.3   690.9  1085.9  1556.3  3579.7 12526.7  62608.7    62505
read      388.0   666.2    74.4   119.0   134.5   297.7   400.8   480.5   539.1   599.1   670.5   784.5  1235.2  8213.4 31073.4  25226.4    25156
read      302.1   279.1    74.4   120.3   135.2   265.2   332.2   372.0   401.7   436.8   482.8   548.7   935.0  3059.6  9355.7  79156.2    79205
read      364.6   435.5    74.4   117.4   132.3   251.7   332.7   396.8   452.4   549.4   794.5  1084.0  1423.8  4472.4 10958.6  55332.4    55328
read      392.7   473.3    74.4   117.4   132.2   248.7   334.4   416.0   514.1   730.9   963.2  1179.4  1504.0  4954.3 12288.7  54866.3    54837
read      309.8   310.1    74.4   119.4   134.3   268.0   336.9   378.1   408.5   445.4   492.0   566.3  1154.3  3211.6 10418.9  69370.5    69350
read      364.8   826.8    74.4   121.0   137.2   297.8   373.0   419.5   452.2   488.6   532.2   604.7  1101.7  9446.0 32204.5  16521.6    16531
read      345.1   913.8    86.8   139.4   162.2   272.4   321.1   346.4   364.9   385.8   412.5   465.2  1641.7  9391.6 35610.1   7794.4     7767
read      389.5   474.8    74.4   118.0   132.6   246.3   328.2   407.8   501.4   716.0   972.0  1192.1  1530.4  3712.3 14260.7  57460.9    57599
read      388.3   565.5    74.4   117.3   132.7   269.8   383.4   474.8   575.7   678.2   794.3   941.0  1207.8  7191.3 26166.3  34495.2    34470
read      328.7   384.0    68.9   119.3   134.3   266.9   339.8   386.6   421.8   465.4   526.3   692.6  1352.3  3494.9 13886.5  63606.0    63541
read      375.9   405.6    74.4   117.3   132.2   252.2   353.8   436.0   537.9   697.1   861.3  1020.0  1268.8  3836.2 10730.2  44090.8    44175
read      393.9   491.7    74.4   117.2   132.3   259.1   367.9   459.6   576.9   729.6   901.1  1070.6  1364.8  4986.8 15033.0  43172.3    43195
read      345.6   833.5    80.4   133.7   155.3   283.6   339.7   369.3   389.9   413.1   443.4   501.0  1192.9 11074.3 32472.8   9597.7     9603
read      403.4   472.6    68.9   119.5   135.0   260.6   353.5   439.9   554.2   756.0   971.8  1169.3  1492.7  4199.0 13408.0  48713.4    48655
read      323.4   350.6    74.4   123.4   140.0   271.4   339.8   381.8   413.8   453.9   508.3   611.5  1402.6  4034.3  9774.1  93610.1    93508
read      311.5   318.7    74.4   122.4   138.3   274.0   343.3   385.4   416.5   454.4   503.1   579.3   807.4  3556.0 11444.5  86970.2    87001
read      319.4   273.1    74.4   124.7   141.1   283.9   356.5   398.7   429.7   466.6   512.4   583.8   899.8  3256.5  9385.0  66925.6    66900
read      315.8   332.5    74.4   124.9   140.7   279.1   349.6   391.8   422.8   459.6   504.2   571.4   831.4  3621.3  9900.5  70283.5    70341
read      384.7   409.1    68.9   118.3   133.4   256.4   347.7   425.4   509.3   697.5   925.9  1115.4  1391.0  3314.2 10844.2  47608.6    47702
read      398.4   469.8    74.4   118.3   133.2   257.4   358.7   447.8   565.7   747.3   936.9  1102.5  1413.8  5594.9 14355.0  44724.1    44729
read      399.7   451.9    68.9   119.4   134.7   255.7   346.3   429.4   533.1   739.1   975.9  1199.9  1560.6  4018.5 10236.4  52873.3    52870
read      318.0   401.8    68.9   121.5   137.2   277.9   347.1   388.7   418.9   455.2   500.9   573.1   990.5  4105.6 15516.8  69376.5    69520
read      378.0   640.2    74.4   119.2   134.6   296.9   394.8   467.5   524.2   581.3   645.5   743.0  1097.0  8011.5 31248.4  24593.6    24653
read      309.2   336.6    74.4   121.7   137.0   268.6   335.8   376.0   406.0   442.5   488.6   561.7  1073.5  3418.3 12286.3  81921.7    81783
read      313.9   355.8    74.4   120.3   135.8   275.9   344.9   385.9   415.4   449.9   492.9   555.4   921.7  4280.7 13153.8  59399.6    59494
read      306.3   265.7    74.4   119.4   134.9   273.3   343.2   385.0   414.4   447.9   488.8   549.0   767.3  3454.0  9298.3  56163.3    56115
read      305.2   295.0    74.4   120.5   135.7   270.3   338.8   379.1   408.9   445.0   489.5   555.5   796.1  3257.6  9611.8  75598.5    75620
read      382.8   449.4    74.4   117.3   132.5   259.6   366.2   447.6   556.5   701.9   837.3  1011.4  1300.8  5044.2 14009.4  39405.3    39370
read      387.1   427.7    74.4   117.7   132.8   250.7   344.6   428.2   532.7   719.6   928.5  1129.1  1410.4  4071.4 10560.4  48502.5    48515
read      371.8   868.5    74.4   120.9   137.1   295.3   375.3   422.9   455.2   491.1   537.8   612.1  1137.2 13393.3 35154.3  16959.9    16983
read      350.2  1203.4    93.8   152.4   173.9   249.2   281.0   299.0   313.4   331.0   356.0   405.0  2821.5 16170.7 37414.8   5041.3     5049
read      318.1   272.4    74.4   122.0   138.1   276.7   347.9   391.5   423.3   460.6   507.5   589.1  1190.4  3103.1  9021.6  73143.3    73154
read      349.9   685.5    74.4   121.2   138.0   292.0   365.0   407.0   434.2   464.0   501.0   564.5  1028.9  7791.4 31635.6  14745.7    14713
read      393.8   494.3    74.4   117.8   133.1   253.0   343.4   421.6   506.4   705.7   955.3  1171.7  1484.1  4931.7 14410.8  50345.1    50309
read      394.7   430.2    74.4   118.7   133.9   252.9   338.9   423.7   522.5   727.1   975.2  1206.6  1534.8  3425.1 10698.4  55570.4    55555
read      305.1   275.5    68.9   119.4   134.5   267.5   333.2   373.4   404.3   441.0   486.8   555.3  1120.9  2836.6  8239.1  73771.9    73579
read      386.7   620.6    74.4   117.2   132.9   283.4   395.1   478.7   552.7   626.2   709.3   828.3  1207.2  8326.3 29714.0  28898.8    28919
read      388.5   412.0    74.4   118.1   133.0   248.8   332.4   414.0   499.5   701.6   953.6  1212.3  1532.3  3216.9 10993.0  57348.9    57412
read      364.1   785.9    80.4   121.0   137.9   292.6   365.9   409.1   436.6   467.0   504.3   568.6  1235.9  9741.4 31385.2  15145.9    15180
read      308.3   351.5    74.4   121.5   137.2   263.8   328.8   367.9   398.1   435.5   486.3   570.6  1128.0  3822.4 12709.6  94467.0    94593
read      302.7   274.3    68.9   120.9   136.2   269.0   336.0   374.9   404.6   441.0   486.9   554.2   779.5  2850.8 11348.3  82441.6    82215
read      334.8   892.9    80.4   143.9   167.6   264.1   305.9   329.5   345.9   366.5   394.2   447.7  1608.0  9268.0 36382.8   7081.1     7090
read      306.6   303.9    74.4   121.1   136.6   266.7   332.6   371.5   401.3   438.7   488.1   568.9  1075.5  3007.6 12265.3  89275.1    89287
read      360.1   871.9    74.4   123.8   141.6   286.6   350.8   389.8   417.5   448.4   486.0   547.3  1345.8  9921.9 36647.6  13464.3    13439
read      351.8   703.1    74.4   127.2   147.7   289.2   354.6   390.9   416.3   444.9   480.2   540.4  1350.8  8708.2 31648.2  12181.7    12236
read      375.2   794.9    74.4   121.1   137.4   295.1   378.9   436.0   472.1   512.5   563.9   645.0  1243.4 10469.6 31790.3  17834.3    17851
read      387.4   400.0    74.4   117.8   133.2   253.9   345.4   429.2   529.3   709.6   914.6  1150.7  1454.9  3591.0  9880.9  52575.2    52592
read      387.2   486.7    68.9   118.1   133.2   258.0   359.6   442.4   552.1   716.8   871.9  1040.9  1320.3  5145.3 18145.9  42874.5    42921
read      350.9   361.4    74.4   123.2   139.6   272.4   350.9   400.8   440.8   494.2   576.2   887.0  1533.7  3514.3  9914.9  62787.3    62887
read      307.1   263.3    74.4   122.8   138.4   275.5   344.2   384.5   414.2   450.9   497.7   568.7   777.3  2436.6 10045.9  76999.7    76800
read      334.5   462.7    80.4   127.5   146.8   301.6   366.0   401.7   427.9   457.1   492.6   547.8   857.6  4883.6 17767.8  13721.2    13795
read      315.2   280.8    74.4   125.0   141.4   273.0   341.3   383.1   415.2   455.3   507.9   593.8  1073.7  2693.5  8906.1  92070.4    92183
read      397.5   390.9    68.9   122.0   138.3   271.4   366.8   441.8   517.4   709.4   942.1  1168.4  1438.3  3057.9  9471.8  44175.4    44153
read      415.1   439.9    74.4   124.1   140.4   273.4   367.1   448.9   540.0   758.9  1015.2  1267.0  1562.9  2853.5 12409.9  48335.5    48292
read      325.3   281.5    74.4   125.4   141.6   281.8   353.2   395.4   427.3   466.8   521.4   614.3  1252.7  3130.7  8271.3  83563.8    83737
read      387.9   361.4    74.4   123.4   140.0   286.5   398.2   480.4   582.7   704.5   820.8   947.9  1180.1  2608.8 11429.0  33345.1    33373
read      341.2   319.6    74.4   124.6   141.0   280.3   356.1   402.2   437.4   481.8   543.4   696.3  1470.7  3376.9  8812.6  58682.4    58682
read      316.6   305.9    68.9   126.0   142.3   279.9   348.1   388.5   418.9   456.8   507.6   590.4   828.0  3282.7 10596.0  91291.4    91420
read      397.7   420.0    74.4   121.7   138.0   278.7   386.5   468.2   574.1   732.8   878.5  1030.1  1344.4  4051.1  9945.6  36238.3    36191
read      372.7   819.2    80.4   136.6   159.0   301.3   367.3   401.8   426.3   455.3   493.5   559.2  1539.7  9342.3 31733.1   9866.4     9905
read      338.3   366.2    74.4   127.1   143.4   291.3   365.0   408.0   440.5   480.0   535.1   629.6  1280.2  4141.4 11425.5  75421.4    75421
read      344.3   684.4    86.8   142.2   166.9   288.6   338.8   367.1   387.4   410.3   439.6   496.8  1326.9  8483.5 31536.2   8460.6     8458
read      328.2   324.5    74.4   125.4   141.8   281.4   354.6   397.6   430.0   469.0   524.6   623.0  1290.4  3055.9 10177.2  77391.1    77403
read      313.5   355.1    74.4   123.5   139.1   279.1   347.4   387.7   417.2   452.4   497.5   570.6   800.5  3658.1 11804.2  75623.3    75501
read      391.7   441.5    74.4   122.2   138.8   290.3   405.3   500.5   597.6   685.3   781.1   903.7  1209.0  4664.9 11980.1  28890.3    29099
read      399.0   379.3    74.4   120.9   137.1   278.2   388.0   480.3   611.3   752.9   883.9  1031.0  1318.5  3620.8 10732.8  36809.9    36824
read      343.7   664.9    80.4   143.6   170.1   292.3   346.2   374.6   395.0   418.4   448.6   502.4  1011.7  9055.5 31587.7   8442.4     8449
read      388.0   348.2    74.4   125.2   143.3   308.9   421.0   510.2   582.6   652.0   731.1   843.1  1112.7  3957.9 12214.2  24400.4    24339
read      390.5   427.1    74.4   121.1   137.6   284.4   395.3   482.3   595.1   710.5   824.4   953.8  1216.0  2873.5 15440.7  34129.6    34162
read      301.7   372.5    80.4   151.8   178.7   272.9   312.9   335.2   350.7   368.9   393.2   432.1   629.3  5491.7 12940.7   5927.8     5931
read      312.3   260.2    74.4   123.4   139.1   276.1   345.1   385.6   415.4   451.4   498.1   577.6  1061.4  2497.3  9059.4  75704.1    76035
read      310.5   277.3    74.4   123.4   139.1   278.4   347.3   387.6   417.0   452.4   498.2   571.7   800.7  2772.0  9216.3  78068.1    78025
read      321.6   281.5    68.9   124.3   140.4   288.7   361.5   403.0   433.5   469.7   517.5   592.8   852.8  2587.6  9966.0  68714.4    68766
read      327.0   265.8    74.4   128.0   144.6   291.5   365.3   407.7   440.0   480.0   535.1   624.2   861.9  2582.1  9215.5  84929.6    85001
read      332.8   296.5    74.4   130.2   147.8   296.3   370.4   414.1   447.2   488.1   542.7   630.0   867.4  2832.8 11303.6  89377.0    89562
read      320.6   248.4    74.4   125.3   141.6   291.9   365.2   406.1   436.2   471.6   519.0   592.1   799.0  1991.0  8128.8  67740.0    67840
read      308.5   472.1    80.4   146.7   171.3   279.0   326.3   352.0   369.6   390.3   416.5   460.4   631.9  4131.7 28869.8   7349.3     7408
read      347.3   396.3    86.8   137.2   158.6   304.4   381.1   427.8   462.0   501.1   549.3   619.6   770.8  5324.9 15317.1  11372.5    11411
read      384.7   491.4    74.4   120.1   136.3   283.7   393.9   480.3   565.3   652.4   748.0   881.4  1223.0  5526.6 15955.8  30174.2    30247
read      385.5   482.4    74.4   117.9   132.9   253.2   352.9   428.4   516.9   695.1   885.0  1076.7  1421.8  4508.9 15763.5  47828.7    47852
read      314.2   331.6    74.4   122.6   139.0   267.4   333.5   373.0   403.2   441.4   493.3   584.5  1382.0  3267.7 12157.2  97308.6    97283
read      300.6   335.2    68.9   119.0   134.0   268.6   334.1   372.5   401.0   435.1   476.3   539.5   746.4  2859.9 13407.3  69128.1    69161
read      300.5   288.8    74.4   118.4   133.9   269.4   335.8   375.2   403.7   436.9   477.5   537.4   743.6  2973.0 13406.9  59099.0    59246
read      292.1   288.4    74.4   116.4   131.7   262.1   324.1   363.1   391.4   423.8   462.8   517.8   706.7  2822.3 10209.4  59722.1    59856
read      371.5   400.0    68.9   114.4   129.4   248.0   345.4   423.4   518.5   686.0   854.2  1025.7  1325.7  3665.0 11681.2  46392.4    46256
read      372.5   396.2    74.4   114.9   129.3   237.9   318.9   393.3   466.6   646.2   905.4  1176.5  1525.4  3151.6 10030.5  60083.0    59976
read      307.1   342.0    68.9   118.3   133.5   263.4   330.4   371.5   402.0   438.5   485.4   564.5  1211.3  3361.0 11705.6  72717.2    72659
read      366.6   366.5    68.9   114.1   129.2   251.2   348.3   420.0   498.8   655.7   836.3  1011.2  1316.8  3470.4  8424.0  44312.4    44335
read      313.1   338.8    74.4   116.9   131.8   257.2   322.8   365.4   397.9   437.3   490.8   609.5  1443.7  2875.1 11127.1  67601.9    67652
read      291.0   244.7    74.4   116.6   131.6   262.6   324.5   362.9   391.2   424.3   464.3   520.3   707.2  2429.3  8763.7  64408.6    64434
read      366.7   370.5    68.9   114.4   129.1   248.5   339.7   410.7   483.6   652.1   857.7  1054.8  1359.1  2762.2 11093.6  48265.5    48237
read      296.8   463.3    80.4   134.6   157.8   265.8   315.3   342.2   360.3   380.0   404.1   442.5   591.8  6492.3 20185.6   8613.0     8571
read      293.9   232.6    68.9   119.6   134.6   260.1   324.3   362.6   391.1   424.9   467.0   535.7   955.8  2109.2  7916.0  82552.9    82643
read      284.0   222.3    68.9   117.4   132.8   259.3   320.3   357.1   384.3   415.5   453.6   506.1   657.7  1941.5  6826.4  78280.5    78259
read      275.9   203.1    74.4   117.4   133.3   257.4   328.1   359.3   378.4   398.2   422.2   456.9   563.6  1663.5  9154.9  24370.5    24328
read      275.5   203.8    74.4   114.7   130.0   248.1   315.4   356.4   383.1   410.0   439.2   479.0   582.0  2179.6  7580.6  37632.6    37604
read      278.1   200.4    74.4   117.0   132.2   252.6   313.7   349.2   375.9   407.6   447.9   506.2   661.7  1609.5  7569.4  94560.8    94552
read      280.6   200.1    68.9   115.9   131.8   257.9   319.0   356.9   384.1   414.3   449.7   497.0   616.2  1486.0  7105.1  55219.1    55075
read      281.4   198.0    68.9   116.6   132.1   259.6   319.7   356.3   383.1   413.8   449.9   499.2   617.7  1576.6  7995.1  67061.8    67085
read      276.7   203.2    68.9   114.8   130.1   249.7   320.6   360.3   385.6   411.2   438.7   476.3   581.0  2361.3  7599.2  34955.6    34858
read      280.8   210.1    74.4   115.9   131.9   255.2   329.2   366.5   389.3   412.8   438.8   478.0   608.1  2265.2  8154.9  29733.5    29694
read      282.6   185.6    68.9   116.8   132.8   262.1   321.5   357.5   384.1   414.0   449.4   497.6   622.9  1652.2  7498.9  61669.4    61633
read      285.5   206.2    68.9   118.5   134.1   258.7   321.0   357.8   385.1   417.9   459.9   525.6   689.9  1816.1  7457.7  96547.4    96516
read      273.6   417.7    93.8   154.1   177.7   248.8   272.3   286.2   295.5   309.1   326.3   362.3   514.1  5400.3 15725.8   5903.4     5863
read      294.4   230.0    68.9   119.6   136.1   270.0   333.5   370.6   398.1   429.9   468.1   527.1   690.4  1805.9  8032.0  74244.5    74364
read      281.7   257.6    74.4   132.7   152.9   274.4   312.0   331.0   343.8   360.2   380.1   415.5   542.5  3841.5 10510.0  12060.1    12122
read      283.8   312.6    74.4   140.8   163.8   270.4   304.6   321.5   335.3   350.3   370.8   403.5   538.9  4212.9 12442.4   9979.3    10057
read      296.3   203.3    68.9   120.3   137.6   275.3   337.4   373.8   400.5   431.4   467.6   520.7   660.6  1765.0  7815.1  65901.0    65765
read      280.7   174.9    68.9   118.0   133.2   255.2   317.1   353.3   380.3   412.6   454.0   516.2   677.2  1600.0  5912.3  94743.7    94787
read      281.0   258.2    68.9   123.2   139.8   275.4   327.9   351.6   367.7   385.9   406.3   440.2   554.2  2686.8 11238.4  18067.7    18101
read      287.9   199.8    68.9   121.0   137.5   263.8   326.5   363.2   390.4   422.0   460.2   514.7   664.8  1681.3  7692.5  80449.2    80432
read      284.1   199.6    68.9   118.3   134.3   262.1   322.5   358.6   385.0   415.5   452.3   502.1   634.8  1673.7  7087.7  66462.0    66207
read      282.9   215.7    68.9   118.5   133.9   255.9   317.8   354.2   381.5   414.2   455.7   517.7   682.6  1852.6  8083.1  97393.9    97428
read      277.2   220.7    74.4   117.0   133.0   258.9   327.9   359.2   378.7   398.7   423.3   459.4   565.1  2839.6  9256.3  24710.1    24697
read      280.2   195.5    68.9   115.6   131.4   258.4   318.9   354.9   381.5   411.2   445.9   493.5   612.1  1596.8  7786.5  58264.5    58233
read      275.9   208.3    68.9   114.2   129.4   248.9   316.9   356.7   383.0   410.1   439.7   479.9   588.7  2114.6  7569.2  36398.3    36466
read      285.0   227.3    68.9   116.8   132.4   261.4   323.5   359.9   386.5   417.3   455.1   506.8   638.5  1785.8  8091.5  69475.9    69311
read      280.3   240.6    74.4   117.5   133.4   261.5   331.5   361.7   381.4   402.3   428.1   464.5   574.7  2361.0  9654.6  24242.5    24268
read      283.0   202.3    68.9   117.0   132.4   260.7   321.5   357.1   383.7   414.7   451.8   502.3   636.0  1640.2  7494.1  71905.9    71849
read      282.7   267.8    68.9   120.1   136.7   272.8   330.7   356.7   373.4   393.2   417.0   454.3   567.5  3338.9 11597.7  20263.2    20162
read      280.9   197.0    74.4   115.2   131.0   255.5   322.1   362.3   389.7   419.0   451.9   496.1   613.5  1643.8  6508.9  41445.9    41389
read      281.6   180.2    68.9   116.5   132.5   260.6   320.8   356.4   382.6   413.5   450.6   500.0   625.3  1562.2  6754.9  66884.1    66653
read      282.5   181.1    68.9   118.5   134.0   256.3   319.0   355.5   382.9   415.6   457.0   519.6   682.9  1631.6  5771.9  96129.7    96102
read      286.2   191.7    68.9   116.9   132.9   264.4   326.2   361.9   388.4   419.3   456.5   507.0   641.7  1606.4  7410.7  64823.4    65042
read      278.9   195.0    68.9   116.6   131.8   254.5   315.7   351.0   377.6   408.8   448.1   504.1   650.6  1664.8  7966.5  89153.7    89240
read      280.7   195.2    68.9   116.2   132.0   259.4   319.4   354.2   380.1   410.5   447.4   497.2   624.2  1583.5  7889.6  69865.4    69762
read      279.3   217.0    74.4   116.3   131.4   254.2   315.7   350.8   377.2   408.6   448.3   504.1   644.5  1687.7  7667.2  87656.0    87536
read      276.8   203.9    68.9   114.1   129.3   248.9   318.4   359.0   386.0   414.0   444.7   486.3   594.0  1576.6  8624.8  37557.9    37502
read      278.9   194.3    68.9   117.1   132.5   252.6   314.4   350.5   377.2   408.9   449.6   508.9   661.6  1706.8  6336.7  94640.1    94563
read      279.0   218.4    68.9   114.8   130.5   255.0   315.5   352.1   379.3   410.0   446.0   493.7   613.5  1596.1  9622.7  52938.0    52982
read      282.2   231.3    68.9   115.7   131.6   257.0   320.7   359.8   387.3   418.0   453.7   500.5   618.4  1584.3  8830.7  48712.4    48870
read      282.8   189.8    68.9   118.1   133.7   256.1   319.0   355.5   382.6   415.0   457.2   520.9   681.7  1705.4  6800.9  96138.9    96069
read      282.9   203.5    68.9   117.0   132.3   258.1   321.1   357.8   384.8   416.5   455.9   510.7   660.8  1628.3  7753.7  83261.1    83385
read      282.1   227.4    68.9   117.4   132.8   255.9   319.0   355.4   382.1   414.1   455.0   515.2   671.6  1619.4  7907.9  92973.4    92932
read      284.1   197.4    68.9   118.8   134.5   256.5   319.0   355.7   383.3   416.7   459.6   524.0   685.6  1740.5  7750.7  95886.2    95859
read      285.0   215.9    68.9   116.8   132.7   261.7   323.2   359.7   386.4   417.7   455.5   506.1   637.3  1705.0  7642.5  70651.5    70461

Total QPS = 53636.7 (96546072 / 1800.0s)

Total connections = 64
Misses = 0 (0.0%)
Skipped TXs = 0 (0.0%)

RX 23846880278 bytes :   12.6 MB/s
TX          0 bytes :    0.0 MB/s
Warning! Detected max cpu usage > 95%
CPU Usage Stats (avg/min/max): 99.95%,45.64%,100.00%
