Random waveform, random seed
Total number of intervals = 600 (33151, 25341, 59014, 56905, 50751, 74863, 37523, 68368, 37301, 35553, 17127, 53281, 31780, 71648, 63041, 91835, 85284, 92765, 43030, 91945, 26415, 65157, 33843, 66786, 43738, 12288, 44549, 58210, 33934, 76064, 78700, 17167, 50743, 35362, 32361, 44885, 99033, 29807, 64834, 22496, 36681, 67799, 62073, 78314, 94567, 16748, 37309, 77094, 99068, 41175, 72397, 18542, 72816, 31736, 92346, 31066, 30945, 5349, 89251, 78276, 23537, 47935, 63015, 32732, 17027, 78820, 37942, 72199, 13569, 97792, 71526, 14471, 56546, 8447, 97710, 25426, 68933, 35603, 91062, 10099, 12502, 35510, 55592, 17877, 12081, 85412, 53862, 14101, 24863, 94671, 51179, 48277, 14530, 94044, 67665, 5702, 38268, 43504, 82135, 83329, 9999, 45969, 84984, 81219, 75542, 52647, 28222, 31591, 32901, 98910, 42047, 96872, 85016, 54839, 9107, 66231, 36688, 91071, 72578, 21826, 80548, 5609, 84303, 32274, 8539, 14304, 15683, 97013, 84269, 46035, 43831, 59821, 30836, 76220, 48739, 85669, 99089, 23843, 62604, 59477, 47859, 12865, 51379, 84651, 94426, 28030, 23210, 58692, 68780, 26029, 33353, 97024, 88224, 8518, 42157, 37653, 61750, 56093, 76652, 89884, 66494, 86765, 88202, 16905, 26484, 74961, 76976, 12536, 35911, 45828, 91968, 39719, 19257, 22572, 70589, 32060, 24181, 34698, 82175, 91815, 30610, 64113, 61779, 70087, 47512, 70649, 88280, 94942, 51186, 76996, 73895, 19409, 16805, 43967, 73485, 55860, 56594, 41844, 12706, 43945, 70304, 78527, 49895, 44016, 33236, 23536, 29366, 60666, 81440, 80833, 47565, 10702, 82436, 16662, 26687, 69590, 54289, 65622, 53237, 59339, 11093, 94335, 8553, 66883, 64967, 77292, 7510, 11726, 8122, 38586, 69078, 99531, 39640, 27507, 78716, 95460, 14795, 96818, 46441, 31681, 14349, 7718, 89525, 25562, 67400, 13043, 88804, 64952, 12735, 46222, 50283, 98788, 84276, 63699, 36329, 47895, 55014, 97072, 37861, 54383, 39289, 98363, 63983, 66108, 63331, 29861, 24009, 88599, 44102, 53317, 71297, 56180, 31182, 87755, 96921, 61938, 92219, 72068, 91337, 79445, 94085, 92436, 20673, 81851, 54044, 39465, 21486, 63265, 58052, 48568, 65664, 97568, 13943, 27049, 77230, 14118, 20176, 80490, 79315, 89902, 87947, 10116, 27101, 87415, 96576, 60307, 26961, 15204, 31938, 68658, 74704, 28785, 80880, 84889, 12545, 87931, 22654, 32494, 5754, 44191, 33371, 14938, 31457, 57822, 75974, 98021, 26808, 8158, 78444, 89318, 50842, 85001, 90462, 95607, 11022, 51818, 47455, 63013, 94531, 79152, 23899, 51599, 86254, 61232, 6064, 31682, 43144, 13791, 25617, 39210, 17694, 73124, 79005, 7369, 23367, 32140, 39353, 45380, 64796, 51740, 75161, 19335, 17221, 14196, 88965, 16318, 37325, 64810, 92337, 67451, 16320, 65086, 73822, 23963, 82778, 54091, 70803, 22310, 32805, 7782, 25016, 16989, 15628, 25410, 82296, 29159, 6199, 18801, 65263, 6932, 88231, 30552, 51672, 68297, 80747, 39496, 69774, 13780, 41542, 57185, 6438, 44933, 54253, 36314, 70019, 39997, 40474, 72643, 68796, 10339, 67037, 82640, 24902, 92426, 38219, 76300, 63651, 92720, 37832, 28654, 62643, 49308, 54070, 89728, 21223, 16781, 22026, 17304, 79764, 39624, 38606, 34173, 99654, 11052, 78946, 64248, 44957, 77928, 68375, 52918, 16315, 82967, 14393, 80354, 80281, 77944, 40151, 55013, 74237, 70447, 16852, 76891, 20969, 20702, 86325, 99972, 42029, 85427, 19027, 63464, 74527, 95610, 69455, 67033, 24222, 57114, 54523, 16979, 32949, 46042, 73585, 33739, 32453, 67255, 50142, 6043, 62622, 91377, 76278, 70973, 30148, 95811, 20543, 70821, 30559, 65598, 37950, 28164, 98425, 69639, 30660, 58396, 30357, 97770, 74701, 73716, 41706, 62048, 32198, 68018, 41047, 11624, 87044, 23627, 43529, 19935, 22377, 23503, 51389, 62507, 59155, 50409, 37179, 77252, 99248, 28668, 23169, 35563, 82681, 41439, 45694, 27332, 78141, 33865, 54245, 93750, 64690, 71031, 53787, 85406, 49419, 9577, 76523, 95004, 43081, 88919, 93348, 48725, 47241, 77893, 36428, 98574, 7644, 84734, 63180, 58210, 31879, 21869, 31852, 44816, 91724, 16058, 29385, 8586, 44380, 78149, 64859, 54147, 56801, 14851, 84118, 69637, 89161, 85361, 60028, 5656, 10596, 18395, 78911, 44528, 91315, 85780, 74204, 85027, 47835, 91727, 77207, 10312, 78633, 29702, 12631, 9988, 53794, 10551, 16344, 91572, 31099, 24735, 30356, 83299, 75800, 17589, 18062, 89032, 90751, 12695, 34860, 62294, 87695, 50473)
Average QPS expected = 52365
Timestamp start: 1653405275449
Timestamp end: 1653407076515

#type       avg     std     min      p5     p10     p50     p67     p75     p80     p85     p90     p95     p99    p999   p9999      QPS   target
read      419.2   408.3    80.4   134.7   154.9   318.6   436.7   523.5   595.5   684.5   798.4   971.3  1361.1  4806.5 12325.4  33124.3    33151
read      399.2   424.4    80.4   141.7   163.3   339.9   446.6   519.5   568.2   620.5   685.1   794.2  1023.4  3820.5 26680.5  25276.0    25341
read      420.8   476.9    80.4   138.7   159.8   308.5   408.8   480.5   546.6   647.1   804.6  1102.2  1657.9  4657.8 19563.9  58943.0    59014
read      351.1   396.9    74.4   138.4   159.7   315.7   394.5   436.8   467.0   499.2   537.2   597.4   859.4  4403.5 11885.2  56944.7    56905
read      348.9   234.0    80.4   140.4   161.6   320.2   402.3   445.5   474.3   505.5   544.1   609.8   814.8  2459.5  7745.6  50742.0    50751
read      351.3   418.9    74.4   138.9   159.7   313.1   388.8   431.7   461.5   496.5   541.7   619.7   890.7  4048.9 15518.9  74978.7    74863
read      445.0   687.2    80.4   141.2   162.7   338.8   443.1   506.1   562.0   632.3   753.8   973.2  1999.5  8129.5 30499.8  37477.0    37523
read      515.2  1093.4    80.4   148.9   174.0   345.2   437.6   498.7   548.4   632.6   803.3  1159.8  3501.6 12028.1 32886.2  68145.0    68368
read      415.5   459.8    80.4   145.1   167.7   342.7   443.1   501.6   550.2   614.6   707.4   875.7  1316.1  6796.7 12302.1  37104.7    37301
read      408.1   295.3    80.4   144.7   166.6   338.8   446.6   521.1   583.3   645.8   736.3   876.6  1234.4  1738.1  8924.0  35564.3    35553
read      372.6   418.5    86.8   147.3   169.3   335.2   427.9   481.6   513.9   546.7   589.8   650.0   823.8  3442.3 28516.3  17166.7    17127
read      437.7   376.6    80.4   149.3   173.7   344.4   455.0   529.4   591.5   673.6   799.7  1030.5  1509.4  4230.0  9879.2  53019.7    53281
read      420.6   417.2    80.4   145.3   167.6   348.5   455.5   528.6   589.4   647.7   740.1   893.4  1208.9  6045.7 11730.7  31824.0    31780
read      504.8  1041.5    80.4   150.3   175.3   341.0   423.7   473.9   512.4   570.2   722.2  1272.6  3898.1 10748.3 32445.5  71460.0    71648
read      350.1   283.0    80.4   142.4   163.9   318.6   396.3   438.9   467.5   500.2   541.6   612.5   858.9  3828.6 11243.0  62833.3    63041
read      362.8   352.0    80.4   150.9   174.1   325.2   399.6   440.3   469.1   505.7   556.4   643.6   921.5  3935.1 12323.1  91772.3    91835
read      340.7   239.3    80.4   146.4   168.1   309.8   383.2   424.5   453.7   487.1   528.8   594.4   815.6  2578.5  8218.6  85446.3    85284
read      358.8   398.2    80.4   147.8   170.4   319.5   393.2   434.1   464.1   499.9   546.6   634.5   934.5  4397.8 14680.1  92647.7    92765
read      429.4   535.3    80.4   148.9   172.5   344.8   443.8   498.3   542.7   608.0   705.2   895.4  1733.9  6158.5 21123.6  42837.7    43030
read      505.2   778.7    80.4   165.3   196.2   368.0   454.2   512.9   565.9   644.6   798.8  1226.5  2595.9  9895.9 30455.2  92038.7    91945
read      403.2   438.7    80.4   144.4   165.7   340.3   441.4   506.0   558.0   615.6   691.7   821.8  1106.9  4836.9 20546.4  26460.7    26415
read      469.5   914.2    80.4   147.9   171.9   338.3   426.4   477.8   517.0   574.4   687.9  1008.1  2755.8 10674.9 32012.7  65179.0    65157
read      397.8   330.1    80.4   145.7   167.5   339.5   434.3   489.2   535.2   598.6   678.9   835.5  1193.7  3372.2  9980.3  33847.3    33843
read      530.7  1084.2    74.4   149.8   176.3   348.0   439.7   497.5   545.1   628.5   843.2  1417.8  3993.0 10419.8 35135.7  66463.7    66786
read      447.2   760.1    80.4   138.0   159.8   325.4   432.4   496.4   551.8   641.7   786.5  1026.0  1810.5  8885.1 30474.2  43685.3    43738
read      377.7   693.2    80.4   143.4   164.7   324.2   406.0   451.4   480.0   512.0   549.0   611.3   841.0  8707.7 31632.5  12338.3    12288
read      445.9   556.6    80.4   142.7   166.4   342.7   460.9   538.3   607.0   700.3   832.9  1044.0  1478.0  6003.4 15559.0  44534.7    44549
read      427.4   369.2    80.4   140.3   163.1   324.0   432.4   504.0   571.0   666.6   824.8  1089.5  1615.3  3363.1  9319.9  58312.3    58210
read      418.3   405.9    80.4   142.1   164.1   342.0   450.4   521.9   580.4   651.4   744.3   911.5  1323.5  3785.0 12700.4  34084.0    33934
read      547.1  1046.2    74.4   157.1   186.4   362.1   451.9   511.5   571.2   689.9   971.3  1489.3  2770.8 11205.5 34918.8  75989.7    76064
read      359.6   299.6    74.4   142.9   164.6   322.1   400.9   444.9   476.0   513.4   563.3   653.2   985.6  3089.6  9146.2  78271.7    78700
read      393.4   605.8    86.8   146.0   166.9   339.5   425.1   474.9   515.1   555.7   605.2   691.2  1011.2  7936.2 30744.1  17240.7    17167
read      474.9   653.8    80.4   145.7   168.8   340.3   456.1   534.6   607.7   713.3   894.6  1176.9  1950.0  7834.9 29769.8  50793.3    50743
read      427.0   497.2    80.4   141.7   162.0   333.2   451.0   529.8   600.7   679.8   784.0   955.2  1383.2  6496.9 13851.8  35216.7    35362
read      412.8   320.4    80.4   143.5   164.7   337.0   452.5   533.4   599.8   667.6   763.9   909.2  1230.8  1697.5  8507.0  32468.3    32361
read      432.2   431.2    80.4   142.8   164.9   336.8   456.9   530.3   595.2   673.2   797.1   999.4  1447.0  4726.4 14822.1  44784.7    44885
read      412.2   493.8    80.4   157.9   183.6   339.2   415.5   460.3   496.0   544.6   631.6   873.6  1641.1  4759.6 21236.4  98816.7    99033
read      409.3   436.5    80.4   146.1   167.9   342.8   448.7   511.3   565.0   624.5   705.9   849.8  1179.7  3843.3 12627.0  29685.0    29807
read      412.8   500.1    80.4   145.1   167.8   333.7   421.3   470.2   507.9   556.1   634.1   831.6  2054.6  5570.1 17257.4  64718.0    64834
read      423.7   653.9    80.4   139.6   160.7   338.9   447.5   523.4   580.7   640.3   723.7   863.4  1203.7 10410.0 31506.4  22674.3    22496
read      411.9   311.5    80.4   140.3   161.4   332.1   446.4   525.3   591.9   657.5   756.3   927.4  1310.0  3023.7  8104.3  36859.3    36681
read      469.8   891.4    74.4   144.6   168.5   332.6   420.5   474.5   517.1   576.4   705.5  1069.5  2782.1 10018.4 32349.6  67732.0    67799
read      342.9   292.2    80.4   139.1   160.1   316.0   392.4   433.7   461.5   493.2   531.2   589.5   790.6  3389.9  7891.6  62316.7    62073
read      366.6   498.9    74.4   144.4   166.5   321.4   397.9   439.5   468.3   503.3   548.5   638.6  1045.6  5176.2 14905.4  78103.3    78314
read      334.7   245.5    80.4   144.9   166.3   306.5   375.7   414.4   442.2   473.4   516.6   585.8   800.0  2517.9  7877.6  94779.7    94567
read      386.5   530.3    86.8   141.7   162.9   334.2   423.4   476.8   514.9   554.7   600.1   671.3   956.9  7833.8 30077.5  16722.7    16748
read      427.5   426.0    74.4   140.9   161.6   328.0   443.5   532.5   611.0   702.5   829.3  1027.9  1441.9  3811.6 12731.6  37183.3    37309
read      562.5  1114.3    74.4   154.2   183.8   363.1   457.7   527.4   601.2   737.5   989.2  1475.5  2976.5 10972.9 33102.4  77037.3    77094
read      355.0   250.6    80.4   151.0   174.1   321.4   394.2   434.4   464.7   501.3   549.1   639.7   905.0  2775.9  8442.9  98668.3    99068
read      407.7   452.2    80.4   140.8   163.3   330.6   432.2   490.9   539.5   605.8   703.2   904.4  1299.2  5323.9 17136.7  41134.0    41175
read      534.8  1093.3    80.4   152.4   179.3   350.5   438.1   500.5   554.0   656.7   896.7  1430.7  2892.7 11407.2 32372.4  72418.3    72397
read      392.0   568.5    80.4   140.9   162.5   334.8   425.7   481.2   518.9   556.3   605.3   692.5   971.8  9299.4 25241.1  18368.0    18542
read      455.7   718.5    74.4   148.9   173.5   336.1   423.5   474.9   516.4   574.5   695.6  1105.9  2020.4  8796.7 30413.3  72572.0    72816
read      399.1   416.9    80.4   141.4   162.8   331.4   433.5   496.7   549.5   614.1   695.7   845.5  1196.3  3347.7 15655.8  31830.3    31736
read      489.6   964.3    80.4   160.7   188.9   357.5   434.1   479.7   517.6   572.7   677.6   950.3  3159.3 10391.7 32487.2  92408.3    92346
read      387.9   319.1    80.4   140.7   162.4   332.4   427.1   483.8   531.1   593.4   667.2   797.7  1101.7  3032.3  8117.1  31170.7    31066
read      418.5   434.4    80.4   147.1   168.4   346.6   458.1   535.5   596.4   663.2   753.8   907.3  1213.8  2474.2 16093.8  30975.7    30945
read      312.7   508.5    93.8   160.8   181.1   285.1   324.9   345.8   362.1   380.2   403.3   446.4   568.2  6345.2 30571.4   5403.7     5349
read      542.0   969.8    80.4   163.3   193.9   361.8   461.6   522.8   574.8   670.3   992.9  1551.5  2510.6 10908.0 32313.4  88791.7    89251
read      353.6   297.4    80.4   145.9   167.6   319.0   395.7   438.1   468.0   503.5   547.2   628.3   883.6  3258.1  9327.2  78064.7    78276
read      402.6   577.2    80.4   143.3   165.1   338.6   434.9   488.6   532.2   586.2   655.1   776.4  1088.5  6389.8 28725.3  23716.3    23537
read      446.4   544.8    80.4   142.8   166.6   341.7   459.9   537.1   604.4   685.7   807.6  1011.3  1579.6  5241.8 21027.8  47925.7    47935
read      373.9   299.2    80.4   144.3   166.7   327.9   409.7   455.8   488.3   528.0   584.0   708.3  1289.8  3441.7  7744.2  63102.0    63015
read      407.1   486.8    80.4   141.5   163.7   341.5   439.2   499.6   549.8   609.8   692.2   843.2  1169.7  7064.4 28250.6  32786.0    32732
read      366.9   300.9    80.4   141.6   162.7   327.5   424.6   480.1   515.7   549.0   591.6   663.8   852.3  3243.7  8776.9  16940.7    17027
read      581.7  1161.1    80.4   160.7   191.0   367.0   467.7   546.6   641.7   791.3  1034.6  1473.0  4589.9 10943.8 36513.3  78821.7    78820
read      420.8   454.8    74.4   140.7   161.3   335.2   442.1   507.8   569.0   648.5   765.5   968.0  1393.2  5120.4 12642.7  38091.0    37942
read      436.8   764.1    80.4   145.2   168.8   334.7   422.2   473.1   513.5   566.4   662.4   916.5  1796.1 10813.1 31615.6  72304.7    72199
read      358.6   352.1    80.4   145.0   166.3   326.9   404.1   447.3   476.5   510.5   547.6   608.3   801.4  4686.9 13903.4  13628.0    13569
read      552.9   863.9    86.8   179.2   216.2   398.1   497.6   562.3   622.6   726.3   935.6  1410.5  2452.9 10436.7 30855.2  97752.3    97792
read      350.6   334.0    80.4   142.2   163.8   314.7   392.5   435.8   465.2   499.5   541.6   615.0   861.2  4427.8 11186.7  71626.0    71526
read      396.7   744.4    86.8   143.3   164.9   336.3   424.4   477.0   514.8   550.1   596.3   665.0   947.2  7454.3 32299.9  14575.0    14471
read      393.8   372.3    74.4   143.6   165.9   326.9   411.6   461.1   496.5   539.6   611.7   828.6  1616.4  4379.0  9155.8  56403.0    56546
read      345.6   552.1    86.8   154.2   178.2   309.9   367.7   397.7   420.1   446.2   478.4   534.6   737.8  6663.1 28891.7   8494.7     8447
read      562.1   975.6    86.8   179.9   218.8   418.3   515.0   577.4   629.2   703.4   848.1  1210.2  2503.8 10902.1 32306.5  97448.3    97710
read      401.1   498.6    80.4   140.8   162.1   338.0   430.9   490.7   539.2   594.8   666.4   790.6  1135.2  7250.3 24536.1  25569.0    25426
read      507.8  1021.8    80.4   149.0   174.5   344.4   429.4   482.7   527.0   592.0   743.8  1290.7  3191.0 11868.6 32316.7  69011.3    68933
read      427.0   608.7    80.4   140.9   162.3   333.2   437.2   500.5   554.6   625.6   734.8   920.0  1419.6  8600.5 28367.7  35665.7    35603
read      475.1   689.3    74.4   156.5   184.2   352.3   433.7   488.5   538.5   628.7   807.9  1191.7  1972.5  8686.7 30041.6  90877.7    91062
read      336.1   384.8    86.8   146.9   169.0   309.3   368.8   402.8   429.1   457.2   490.0   538.5   682.9  6584.8 12876.6  10136.7    10099
read      351.3   255.3    80.4   149.2   172.0   328.2   406.5   449.2   475.2   506.1   542.7   596.1   717.5  1885.9  9721.2  12334.0    12502
read      429.3   320.6    80.4   148.0   171.0   349.9   463.5   544.7   611.8   687.2   803.3   987.1  1270.2  2318.0  8313.1  35547.3    35510
read      446.1   526.8    80.4   143.0   166.4   330.1   435.8   502.3   561.4   652.7   810.0  1117.6  1856.5  5862.1 15452.4  55714.7    55592
read      366.1   367.1    80.4   138.4   158.8   326.3   416.1   468.7   504.3   541.5   587.8   664.8   872.2  5301.6 11641.2  17863.0    17877
read      353.3   278.7    80.4   144.7   166.8   328.4   406.7   447.6   472.8   504.9   541.4   596.4   736.8  3826.6 12616.8  12083.3    12081
read      554.7  1028.6    80.4   160.0   191.2   366.7   463.2   538.1   622.7   771.4  1020.6  1460.8  2867.3 10854.6 38655.1  85262.7    85412
read      343.4   276.9    68.9   136.5   157.1   314.2   392.8   433.3   462.2   494.5   532.9   592.3   857.9  3288.7  8763.9  53739.3    53862
read      366.0   678.8    86.8   139.9   160.0   319.8   397.5   445.6   477.0   511.4   551.7   618.5   870.2  6014.9 42397.4  14198.0    14101
read      394.6   313.0    80.4   140.5   161.2   338.1   446.3   520.5   569.9   621.0   689.6   808.3  1054.8  1647.2 12049.0  24786.3    24863
read      545.1  1003.3    74.4   166.2   198.5   375.8   466.1   531.9   596.8   707.8   895.9  1387.9  2713.7 11012.2 32042.5  94658.0    94671
read      351.0   366.2    74.4   136.6   158.0   317.2   394.4   436.4   466.2   499.0   537.9   600.4   907.2  4278.3 10995.9  51256.7    51179
read      419.9   351.8    80.4   139.0   162.6   336.8   451.9   516.4   575.6   654.3   778.1   979.5  1339.9  3538.5 10494.1  48040.0    48277
read      368.5   574.7    80.4   140.5   160.9   322.9   411.8   460.5   490.8   522.6   559.8   622.2   823.0  7050.2 29531.5  14514.7    14530
read      543.5   894.5    80.4   169.0   202.3   385.4   480.8   546.8   609.3   711.3   934.9  1439.5  2310.7 10546.3 31894.3  93734.0    94044
read      349.9   281.6    80.4   140.3   161.6   316.2   396.9   440.4   470.4   505.4   546.2   620.3   888.9  2565.3  8248.8  67754.7    67665
read      312.6   395.6    93.8   159.1   181.9   284.9   324.4   345.5   361.5   379.4   403.4   446.3   596.2  6606.8 13207.0   5727.3     5702
read      458.7   724.2    80.4   144.7   167.2   338.2   454.6   542.9   616.5   701.6   829.9  1023.3  1494.8 10132.0 32147.3  38231.0    38268
read      444.6   545.7    74.4   136.7   158.6   327.6   451.8   541.6   619.3   719.5   867.1  1087.3  1489.5  6453.8 27522.7  43501.0    43504
read      468.8   958.6    80.4   151.3   176.2   338.4   417.5   464.8   500.2   546.7   639.0   990.9  2528.7 10407.2 32378.1  82128.0    82135
read      342.7   317.0    74.4   140.3   162.1   309.7   383.6   424.3   453.1   486.2   528.5   598.3   838.7  3611.0 12535.0  83268.0    83329
read      338.0   390.0    86.8   149.1   169.6   313.1   374.5   405.5   428.4   454.9   487.5   534.9   654.5  4910.9 12913.1  10018.7     9999
read      473.0   546.8    80.4   145.0   169.4   346.8   467.7   553.3   626.8   725.8   879.0  1113.0  2622.7  5442.4 19786.3  45794.3    45969
read      398.1   424.1    80.4   146.5   170.4   326.9   404.4   450.3   484.9   530.4   603.0   857.6  1708.0  5064.0 11356.8  84797.0    84984
read      356.0   312.8    80.4   143.7   165.8   318.8   396.6   439.1   469.6   506.8   556.2   640.8   918.5  3507.5 10967.2  80973.7    81219
read      346.1   257.4    68.9   140.9   162.3   314.3   389.1   431.4   461.3   494.7   535.6   604.9   873.4  3410.3  8157.7  75527.7    75542
read      363.7   505.4    74.4   140.4   161.6   322.9   403.8   447.4   477.0   509.5   549.1   619.3   879.8  7584.5 16999.1  52533.7    52647
read      411.7   471.7    74.4   139.9   161.7   342.3   453.4   523.3   577.0   631.1   709.2   842.0  1151.1  6631.0 17217.9  28156.7    28222
read      404.2   312.4    80.4   136.6   156.2   327.9   443.1   524.8   588.1   655.2   745.1   891.4  1216.9  3131.7  9336.8  31486.0    31591
read      412.6   340.6    80.4   147.6   170.2   347.5   454.0   525.2   583.6   645.1   737.6   879.0  1163.3  1958.7 11989.4  32910.7    32901
read      520.3   788.9    86.8   172.2   206.0   383.8   475.9   542.6   602.5   689.7   854.8  1214.9  2325.0 10327.2 31047.0  98957.7    98910
read      444.2   615.6    80.4   149.2   172.9   351.9   456.7   518.8   575.4   644.0   749.4   957.5  1519.7  7852.2 30415.6  42092.7    42047
read      420.1   380.0    80.4   158.2   185.1   350.2   432.7   484.2   526.0   584.1   685.1   898.7  1611.3  3755.8 14205.4  96986.0    96872
read      341.1   273.0    80.4   144.1   165.7   311.3   384.1   424.0   452.5   485.7   529.0   599.5   831.6  2672.3  8526.0  84785.0    85016
read      354.1   295.2    74.4   139.2   160.6   321.4   402.7   445.9   474.0   507.7   546.2   613.7   898.2  3715.2  9149.9  54886.7    54839
read      376.0   725.8    93.8   151.6   174.5   322.1   386.8   421.8   445.7   471.0   507.7   566.3  1397.1 10883.6 32171.9   9104.0     9107
read      624.3  1340.5    80.4   152.8   181.5   361.0   450.8   510.2   567.5   718.7  1331.7  1743.2  6627.5 12646.0 37136.2  66111.0    66231
read      428.9   464.8    80.4   144.1   166.1   342.8   450.0   519.2   581.3   659.8   782.2   982.4  1434.1  4382.6 13595.5  36755.7    36688
read      465.3   559.1    80.4   156.7   185.2   358.4   443.2   498.1   544.3   617.5   767.0  1254.8  1888.4  8289.3 14689.3  91155.7    91071
read      346.0   369.0    80.4   140.5   162.3   311.5   388.5   430.5   460.0   494.1   534.6   596.8   820.6  3320.2 10393.5  72191.3    72578
read      391.7   474.7    80.4   141.1   162.9   340.2   432.4   491.9   536.6   583.2   635.7   731.9  1057.7  5681.8 28952.0  21880.3    21826
read      561.1   960.6    74.4   157.0   188.6   371.7   470.9   545.9   626.1   775.0  1066.0  1549.6  2695.9 10649.5 35254.7  80131.3    80548
read      375.8  1254.7    93.8   164.1   187.7   296.2   341.8   367.0   385.7   407.2   433.9   485.3  1246.4 30858.8 32357.7   5530.3     5609
read      564.7   912.9    80.4   159.8   192.2   383.4   485.6   557.9   625.0   744.4  1083.2  1590.3  2681.8 10166.5 31993.6  84287.0    84303
read      436.5   615.5    86.8   145.4   167.2   337.8   444.8   511.5   571.6   641.5   743.3   922.9  1486.1  7604.7 29861.5  32273.0    32274
read      344.5   316.2    86.8   154.3   176.8   323.1   387.9   422.4   444.0   466.0   495.6   539.1   669.1  4344.7  9085.1   8602.7     8539
read      373.1   278.0    86.8   150.2   172.8   342.2   431.5   479.6   511.7   547.5   588.7   660.6   819.8  3774.3 12287.6  14276.7    14304
read      378.8   331.9    86.8   149.9   172.9   337.7   431.1   486.4   522.8   560.2   607.9   682.9   856.5  4147.0 13242.1  15614.0    15683
read      527.0   749.0    68.9   174.4   208.3   387.1   472.7   536.5   594.2   691.5   884.3  1402.2  2463.2  9380.1 29486.2  97002.7    97013
read      348.9   297.0    80.4   145.4   167.5   317.2   390.9   432.0   461.1   495.6   540.2   614.9   856.8  3155.9  9812.6  84397.7    84269
read      428.4   483.3    74.4   140.2   163.4   334.3   439.2   502.4   559.4   644.4   797.1  1040.3  1489.5  4355.9 15834.2  46029.3    46035
read      461.4   635.7    80.4   140.5   164.2   339.0   462.4   543.9   621.4   715.6   858.8  1078.8  1588.6  8419.7 30664.5  43743.3    43831
read      441.8   685.2    74.4   145.7   169.0   337.5   426.7   480.1   521.0   574.0   667.0   942.7  2341.5  8024.3 29057.0  59828.7    59821
read      405.7   369.8    80.4   138.5   159.2   331.2   435.4   505.0   565.5   637.9   730.5   880.8  1210.7  4838.5 11563.0  30784.7    30836
read      442.7   660.8    80.4   148.7   172.9   338.1   425.8   479.6   523.1   584.8   697.1   973.8  1950.8  9589.9 26435.3  76020.0    76220
read      395.8   326.7    80.4   137.9   159.6   326.3   423.4   478.5   521.2   578.0   676.5   931.9  1377.4  3035.7  8044.5  48760.0    48739
read      377.8   304.0    80.4   149.3   172.8   326.4   404.6   452.1   486.2   528.7   589.4   733.9  1314.1  3814.8  8605.0  85204.7    85669
read      347.8   382.5    80.4   148.6   170.9   311.4   380.3   419.3   447.5   480.6   524.5   598.1   864.9  4375.5 13372.1  99091.7    99089
read      381.8   386.0    80.4   141.5   163.0   332.1   425.8   481.4   528.1   580.1   639.1   739.4   983.6  3930.1 11013.8  23917.7    23843
read      483.0   924.3    80.4   148.9   172.5   346.1   436.6   491.3   534.3   592.6   702.4  1100.6  2744.9 10495.6 31954.8  62363.0    62604
read      369.2   453.1    74.4   141.6   162.6   326.8   406.8   451.6   483.5   521.0   568.6   653.1   985.5  5338.9 16143.6  59468.0    59477
read      393.8   482.4    74.4   138.2   159.6   321.0   416.7   469.4   509.8   565.2   664.2   914.8  1360.5  3791.2 26191.1  48197.7    47859
read      383.7   665.4    86.8   142.7   165.5   324.9   408.2   451.7   480.3   512.4   550.4   616.0   914.8 10452.9 30542.7  12741.7    12865
read      441.5   468.7    80.4   136.7   159.0   322.5   437.3   515.4   590.5   697.1   864.1  1114.3  1679.3  5338.7 13352.0  51038.7    51379
read      425.7   459.8    80.4   148.8   173.3   332.9   415.7   466.0   504.3   555.8   652.4  1091.2  1899.3  4348.8 16136.9  84439.7    84651
read      347.2   267.9    80.4   146.3   168.3   315.4   387.1   427.7   457.3   492.5   539.2   622.1   883.5  2278.8  8683.3  94383.3    94426
read      392.0   318.5    80.4   139.1   160.3   328.1   427.7   489.3   542.2   606.8   689.4   831.4  1127.7  3668.9 11256.5  27931.0    28030
read      391.6   307.6    80.4   140.6   160.8   336.4   443.1   518.5   568.4   621.0   685.6   785.4  1016.4  1873.2 11998.2  23061.0    23210
read      386.9   353.6    80.4   139.3   160.9   321.0   408.8   459.4   497.7   544.2   616.4   791.2  1573.2  3684.2 11385.5  58633.0    58692
read      357.7   337.0    80.4   142.1   163.4   321.7   400.6   444.5   474.1   507.8   551.0   635.5   930.3  3712.5  9297.8  68900.7    68780
read      398.7   315.8    80.4   144.0   165.5   338.7   438.2   502.7   554.8   614.4   694.3   827.6  1140.1  3584.1 11117.9  26330.3    26029
read      415.4   327.1    86.8   140.8   160.9   332.3   446.0   529.1   600.4   680.8   790.5   952.3  1316.3  2616.9  9023.9  33344.7    33353
read      520.2   983.6    80.4   165.6   197.3   371.5   455.6   509.1   555.5   626.8   766.7  1153.2  2710.6 11176.9 32249.8  97085.0    97024
read      345.3   228.4    80.4   144.0   165.8   312.9   386.7   428.0   457.8   493.1   538.9   620.2   867.9  2811.2  7435.1  88164.0    88224
read      337.5   652.9    80.4   149.3   170.5   299.8   355.2   387.0   407.7   430.9   461.9   506.8   646.6  5937.0 32184.3   8547.7     8518
read      462.6   536.8    80.4   143.2   166.7   344.3   462.4   546.9   625.8   727.7   885.2  1101.3  1717.0  6060.4 14939.0  42311.0    42157
read      422.5   498.7    80.4   142.9   164.5   333.3   440.3   518.6   584.0   646.1   761.6   942.0  1346.8  7078.2 18595.4  37573.0    37653
read      440.0   670.4    80.4   145.8   169.6   337.6   425.7   476.2   516.6   569.6   659.4   914.1  2348.2  9463.8 21258.9  61782.0    61750
read      367.1   336.4    74.4   140.9   162.7   330.4   411.9   456.6   488.1   524.6   571.1   655.1   971.4  4036.8 12308.1  56038.3    56093
read      354.6   276.0    80.4   142.5   164.1   320.4   399.1   442.6   472.9   509.0   555.5   638.5   900.8  2647.5  8738.6  76619.0    76652
read      347.9   308.9    80.4   145.7   167.3   314.0   385.0   425.3   454.1   487.4   531.1   606.1   869.1  4164.8  8815.9  89757.7    89884
read      351.0   333.8    74.4   140.4   161.8   317.2   394.3   436.7   467.4   502.7   545.3   621.7   883.9  2837.0 12096.9  66639.3    66494
read      353.0   397.3    74.4   145.2   166.9   313.0   387.1   428.7   457.7   492.1   537.3   616.8   919.3  4417.1 12602.7  86606.0    86765
read      343.0   266.9    74.4   145.6   167.3   313.6   383.9   423.5   452.0   485.0   527.1   593.4   821.2  2972.1  8058.3  88294.7    88202
read      361.2   292.0    80.4   140.3   160.9   326.6   408.7   454.2   490.4   533.6   583.6   664.3   859.5  3144.4 12253.5  16922.7    16905
read      407.4   370.7    80.4   140.7   160.7   335.6   445.6   527.3   583.2   642.7   718.3   851.3  1180.1  3881.2 12377.0  26473.3    26484
read      479.1   844.7    74.4   148.6   174.8   341.7   430.9   489.2   539.0   618.2   783.1  1162.2  2170.4  9987.6 31890.6  74903.7    74961
read      356.0   308.8    74.4   141.6   163.2   321.2   399.6   441.5   471.5   508.8   558.8   650.0   905.4  3099.6 11637.9  76958.7    76976
read      349.1   421.0    80.4   141.5   162.2   315.7   385.5   422.3   449.1   480.4   523.7   582.0   748.5  6748.2 12501.2  12444.7    12536
read      422.5   353.9    80.4   140.7   161.3   328.4   445.2   529.0   603.9   697.9   826.9  1008.5  1368.6  2989.5 10775.4  35754.0    35911
read      439.1   385.2    74.4   140.4   163.9   335.3   455.0   535.0   609.5   711.5   861.5  1067.7  1514.3  3542.2  9253.2  45694.7    45828
read      433.2   419.0    80.4   155.1   181.5   345.6   424.4   471.7   511.1   565.2   661.5  1189.9  1846.8  3173.3 10803.3  92193.7    91968
read      424.1   565.3    74.4   143.0   165.2   340.9   447.5   506.6   555.9   618.1   712.5   916.9  1341.9  7167.3 24134.2  39602.7    39719
read      374.1   310.5    80.4   143.6   164.7   332.3   432.1   495.0   533.6   573.1   618.8   693.4   870.5  1726.1 10448.0  19207.3    19257
read      394.5   314.0    74.4   143.3   164.6   342.4   444.8   515.0   560.0   611.0   683.8   801.9  1039.5  1887.8 11133.8  22650.0    22572
read      465.6   810.8    80.4   149.1   173.4   340.6   427.2   480.2   522.6   581.1   709.8  1097.9  2068.6  9253.4 31808.8  70424.7    70589
read      417.4   369.5    80.4   143.1   165.1   340.7   449.6   515.2   574.7   644.6   746.8   911.0  1341.4  4200.9 12173.8  32178.0    32060
read      390.5   307.8    80.4   140.0   161.0   334.7   440.0   512.2   563.6   611.9   674.2   788.8  1033.8  3258.8  9453.9  24083.7    24181
read      413.5   327.0    80.4   143.1   164.2   338.0   454.6   534.1   596.9   659.5   758.7   918.2  1236.7  1799.2 11710.9  34668.7    34698
read      435.7   600.0    80.4   149.8   174.3   336.7   421.1   473.2   517.4   577.7   699.0   986.2  2010.5  8328.8 30277.7  81938.7    82175
read      351.3   278.9    80.4   146.8   168.8   316.3   388.9   429.7   460.1   496.9   545.0   632.1   897.4  3134.9  9978.8  91480.0    91815
read      407.6   497.0    80.4   140.0   160.7   333.5   438.0   502.1   555.6   621.4   706.5   853.5  1222.3  7528.5 17536.4  30453.3    30610
read      548.2  1118.1    80.4   149.6   175.1   355.0   450.0   515.3   573.8   674.0   891.6  1446.6  4715.4 10707.0 32865.2  64046.0    64113
read      359.4   385.0    80.4   140.8   162.1   322.7   402.2   444.9   475.1   508.7   549.4   625.2   928.8  5372.7 13152.1  62093.0    61779
read      363.3   322.9    74.4   142.9   165.0   326.5   405.5   449.6   481.3   518.8   566.1   654.0   941.2  4104.4 10415.8  70025.7    70087
read      416.5   370.0    80.4   141.2   163.7   335.4   439.9   500.2   548.5   621.6   745.8   996.2  1420.8  3566.0 12895.5  47588.3    47512
read      391.4   441.0    80.4   145.0   167.9   328.2   412.1   460.5   496.5   541.1   608.7   770.3  1464.7  5013.2 13753.1  70632.3    70649
read      367.7   308.6    80.4   148.3   171.2   322.8   397.8   440.4   471.1   509.4   564.4   680.0  1240.7  2954.1 10179.4  88603.7    88280
read      369.5   279.8    80.4   152.9   176.6   331.6   406.1   448.7   480.2   520.0   575.2   675.7   994.6  3663.6  7883.6  95031.7    94942
read      386.0   322.6    80.4   144.3   165.9   343.0   429.2   477.4   511.8   550.6   609.1   723.3  1157.2  4161.8 12036.3  51182.0    51186
read      369.0   362.7    80.4   145.6   167.5   325.7   405.2   452.2   485.6   525.6   579.8   679.4   971.5  3972.8 11183.7  77090.0    76996
read      364.7   325.8    80.4   145.7   167.4   324.0   404.6   450.4   482.5   520.6   570.8   662.8   971.6  3551.5 12100.2  73606.7    73895
read      411.1   471.6    80.4   146.1   168.2   352.7   451.5   510.7   549.5   595.8   651.8   762.6  1198.2  8087.1 16025.5  19374.0    19409
read      405.6   651.6    86.8   144.6   165.5   341.6   442.5   501.7   539.0   581.6   633.6   724.1   985.0  7326.7 30897.5  16837.3    16805
read      448.4   400.5    74.4   142.9   165.3   334.7   458.4   546.7   629.4   739.9   897.8  1118.5  1568.4  3659.9 12499.7  43916.3    43967
read      374.4   312.6    74.4   145.9   167.6   321.4   404.0   452.0   486.2   529.0   589.7   735.3  1373.1  3284.0  9362.3  73730.7    73485
read      378.4   552.5    74.4   141.3   162.7   329.0   410.8   455.8   487.6   524.6   571.8   663.3  1085.2  5395.6 17777.1  55693.3    55860
read      367.6   426.0    80.4   144.3   165.5   329.0   409.9   453.8   485.3   521.2   563.3   635.4   921.1  4563.0 12909.6  57015.7    56594
read      436.3   624.4    80.4   140.7   162.9   339.2   446.9   509.2   561.2   642.7   788.6  1025.1  1460.7  6545.3 31211.3  41798.0    41844
read      393.0   634.0    86.8   145.3   168.7   336.9   423.7   468.6   502.0   536.2   578.3   645.8   980.2  7959.3 31157.3  12789.7    12706
read      453.8   511.0    80.4   143.8   166.0   338.4   458.2   540.8   616.2   726.2   887.8  1111.9  1584.4  6278.0 16081.8  44168.7    43945
read      512.3   853.1    74.4   153.4   179.3   358.0   449.5   508.5   558.0   636.1   838.2  1531.3  2603.7  9600.2 35534.7  70366.7    70304
read      361.7   409.0    80.4   144.3   166.0   317.6   395.1   438.9   470.4   507.4   557.3   645.0   977.7  4537.7 14380.3  78406.3    78527
read      355.4   292.1    80.4   140.5   162.0   326.1   404.9   449.3   479.0   512.2   549.1   614.2   843.9  3229.1  9313.0  50088.3    49895
read      441.0   517.2    74.4   141.2   164.1   339.5   451.7   521.7   583.8   671.4   816.8  1059.2  1516.5  5470.5 12883.2  43901.0    44016
read      434.8   381.5    80.4   145.2   166.7   343.6   462.5   551.5   625.1   715.9   824.8   992.9  1360.0  3991.6 12815.0  33161.7    33236
read      403.7   329.2    80.4   143.8   165.2   347.6   456.5   529.4   580.3   631.4   704.3   821.9  1052.5  2206.9  8648.6  23626.3    23536
read      417.3   325.0    80.4   142.0   162.9   341.6   460.6   546.0   607.1   675.8   769.3   913.5  1211.3  3374.3  9731.6  29351.3    29366
read      413.9   427.0    80.4   144.9   168.0   331.5   421.3   474.8   518.5   571.6   665.8   932.8  1726.6  4996.0 10937.2  60552.7    60666
read      356.3   338.0    74.4   144.5   165.9   318.6   394.6   436.6   467.7   505.6   552.7   638.7   938.1  3415.3 13217.5  81505.7    81440
read      361.1   322.5    80.4   145.1   166.9   323.0   400.1   443.4   474.5   512.4   563.4   652.5   956.6  3651.5 12265.7  80768.3    80833
read      399.6   435.9    80.4   142.5   165.1   336.4   428.9   480.0   518.8   568.4   646.0   863.1  1367.6  3817.6 13633.4  47685.0    47565
read      381.5   778.3    86.8   146.9   169.2   326.6   401.4   438.1   463.3   491.3   524.3   574.8   966.8  8538.5 38511.9  10804.3    10702
read      529.6   963.3    80.4   156.3   185.1   361.2   448.4   505.8   557.2   644.4   846.5  1397.3  3854.3 10325.8 32211.5  82115.0    82436
read      393.1   449.4    86.8   146.5   168.1   346.1   436.7   491.5   530.8   577.2   633.3   725.1   952.4  5623.4 20006.3  16557.3    16662
read      428.4   377.5    86.8   146.3   167.7   359.0   479.3   559.5   617.1   681.3   761.5   899.3  1209.6  3197.7 12592.3  26714.7    26687
read      426.6   662.9    80.4   146.5   169.5   331.6   419.0   470.8   511.4   562.4   643.9   899.5  1973.8  7581.1 31039.8  69292.3    69590
read      368.9   314.2    80.4   143.1   165.0   330.6   416.2   462.3   494.9   532.4   578.8   655.8   941.8  3830.6 11570.8  54383.7    54289
read      369.0   338.2    80.4   143.8   165.3   325.2   409.8   457.5   491.6   531.2   583.0   681.5  1079.4  3977.6  8733.9  65640.7    65622
read      373.9   407.8    80.4   142.8   164.7   328.9   412.9   459.0   491.1   527.2   573.1   660.0  1199.0  5164.4 12275.9  53355.7    53237
read      357.5   290.9    80.4   141.8   163.5   321.0   402.4   448.6   480.8   517.3   559.6   628.6   946.1  3268.1 10291.2  59378.3    59339
read      382.2   455.8    86.8   149.2   173.5   341.7   417.1   458.5   487.9   520.8   558.7   625.9  1083.4  5465.6 15902.0  11018.3    11093
read      498.5   759.2    80.4   163.8   195.4   378.9   463.7   517.5   563.3   631.3   758.2  1228.4  2056.8  8913.7 31328.7  94459.0    94335
read      343.6   440.3    86.8   154.0   175.7   315.3   369.6   399.1   420.0   443.5   472.6   527.0   693.8  7539.9 16090.3   8656.7     8553
read      517.2   979.0    80.4   151.3   176.4   355.3   447.3   505.9   553.3   631.5   803.2  1280.9  4007.4  9874.0 32341.3  66788.7    66883
read      372.4   368.5    80.4   143.7   165.3   329.2   414.3   462.0   496.1   534.7   584.8   682.8  1031.6  4317.9 11032.5  64804.7    64967
read      358.9   365.2    80.4   145.1   166.6   320.2   398.2   441.1   471.8   507.9   553.4   637.3   938.8  3472.4 12461.9  77398.3    77292
read      341.5   340.2    86.8   156.1   180.4   313.9   370.8   401.8   425.1   450.5   479.9   529.0   689.2  5229.4 15355.2   7592.3     7510
read      374.6   290.3    86.8   153.2   176.8   344.9   430.4   477.2   507.7   539.9   581.4   643.4   800.5  3761.8  8544.7  11696.0    11726
read      665.0  1315.8    86.8   151.8   176.6   354.0   447.2   514.1   611.9   926.9  1414.8  2431.4  4147.7 19994.3 32031.6   8104.0     8122
read      464.8   628.0    80.4   143.0   166.2   354.2   479.2   565.1   641.2   743.6   880.7  1080.5  1479.5  7674.1 28226.3  38466.7    38586
read      399.0   490.7    80.4   143.9   166.5   323.8   411.7   463.1   502.6   551.1   630.1   816.8  1586.7  5894.6 22379.1  69082.7    69078
read      370.5   310.1    74.4   153.8   178.6   333.6   407.8   451.0   482.7   522.3   576.6   672.5   934.4  3730.8 12194.5  99339.3    99531
read      434.9   395.5    74.4   144.3   167.6   351.0   466.3   533.1   592.9   677.6   799.8   999.4  1404.9  4097.4 12747.2  39794.0    39640
read      462.5   718.3    80.4   140.4   164.0   364.5   479.3   561.6   623.1   698.4   796.2   941.5  1473.3  8789.4 28886.4  27682.0    27507
read      390.1   373.8    74.4   148.0   171.0   327.3   408.5   457.2   494.0   540.3   612.5   800.5  1551.2  3279.8 12370.6  78529.3    78716
read      347.6   347.0    80.4   146.5   168.6   312.2   383.2   423.1   451.6   485.1   529.8   606.5   866.3  3426.0 11816.0  95506.7    95460
read      388.4   560.4    80.4   139.5   160.4   338.9   419.7   465.9   499.3   534.9   577.6   641.1  1268.1  5608.8 25591.8  14915.7    14795
read      444.2   473.6    74.4   160.0   187.8   354.3   433.6   486.9   533.2   606.6   749.5  1059.5  1756.5  4341.9 14507.8  96652.3    96818
read      427.6   440.2    74.4   140.7   163.7   336.1   448.0   509.9   561.7   637.0   767.3  1019.3  1470.3  5468.8 14586.9  46663.7    46441
read      444.1   534.0    80.4   142.5   165.5   360.7   471.8   547.2   611.8   691.6   796.0   953.0  1293.5  8201.5 17440.8  31678.0    31681
read      427.7   933.1    80.4   145.3   168.3   351.5   437.4   489.8   522.7   555.9   599.5   677.8  1353.2 11864.7 37318.2  14398.7    14349
read      407.3  1166.9    86.8   153.1   177.1   318.8   375.1   403.1   424.8   448.3   475.1   537.2  2126.7 15042.9 37633.0   7746.0     7718
read      396.2   356.1    74.4   152.9   177.2   330.8   410.9   459.6   495.6   541.3   621.0   832.5  1558.6  3414.7 11452.0  89058.0    89525
read      421.3   425.9    80.4   145.8   169.5   362.6   457.5   514.8   560.7   621.2   702.5   826.8  1206.6  5454.7 15765.6  25582.7    25562
read      388.2   305.7    80.4   147.7   170.3   329.6   420.3   472.3   510.9   558.3   627.7   784.5  1367.4  3119.5  8073.0  67355.3    67400
read      381.2   579.2    80.4   138.8   161.3   335.7   415.9   461.1   492.1   525.8   566.4   631.8  1089.6  5973.1 29073.2  13113.7    13043
read      403.8   357.0    74.4   151.2   175.9   333.9   414.1   463.5   503.1   557.0   652.5   899.7  1640.1  3166.2 10298.4  88522.3    88804
read      362.5   410.9    74.4   140.6   162.2   324.2   403.9   449.3   480.5   517.2   563.4   640.4   931.1  4850.8 12724.6  64662.0    64952
read      381.9   462.4    80.4   142.7   164.8   335.6   415.8   460.5   489.8   521.9   560.1   626.4  1425.2  5784.3 22387.3  12859.3    12735
read      464.7   692.9    80.4   140.8   164.1   335.6   452.5   530.1   604.1   722.3   897.6  1148.7  1606.5  9338.1 30521.6  46021.0    46222
read      447.7   597.0    80.4   139.6   162.6   334.7   456.7   534.7   604.0   702.4   843.1  1078.6  1523.0  7584.1 19878.4  50110.7    50283
read      425.6   441.9    80.4   159.4   186.3   345.7   422.3   468.3   506.8   565.9   683.4   979.2  1738.2  3880.8 13817.8  99208.0    98788
read      351.7   257.2    80.4   146.7   168.6   319.0   393.5   434.8   466.0   501.7   546.6   628.3   892.1  2704.9  9627.9  84308.0    84276
read      364.3   421.7    74.4   142.1   163.3   323.7   405.1   449.4   480.3   516.9   561.7   639.1   940.8  5146.7 17125.4  63527.0    63699
read      429.3   506.8    80.4   142.4   165.8   345.8   453.2   510.8   564.9   648.8   778.9   959.7  1385.9  5010.7 14591.2  36163.7    36329
read      461.9   582.5    74.4   141.2   165.0   341.1   468.9   549.3   624.1   727.8   871.5  1099.4  1624.7  7763.5 23322.3  47766.0    47895
read      436.2   375.2    80.4   144.0   167.1   338.2   453.3   529.4   596.4   687.4   838.7  1078.2  1553.2  2703.0 10937.7  54985.3    55014
read      416.2   456.8    80.4   154.1   179.9   338.7   416.3   464.5   503.3   558.8   680.1   960.4  1658.2  3547.3 15359.7  96812.7    97072
read      443.8   570.5    80.4   142.0   164.8   344.7   457.5   522.5   581.6   674.3   819.3  1037.6  1475.7  6394.6 17394.5  38028.7    37861
read      408.3   436.7    80.4   141.3   163.7   330.3   424.6   478.8   521.1   578.4   677.6   943.7  1590.4  4355.7 14902.2  54306.0    54383
read      433.1   432.8    74.4   140.0   163.5   347.1   459.2   525.7   584.4   669.1   801.8   998.9  1396.0  5019.4 11150.2  39131.3    39289
read      442.2   376.5    80.4   158.5   186.6   351.4   430.0   482.4   529.7   607.9   776.6  1115.9  1781.4  2970.1 10378.8  97955.3    98363
read      367.5   467.9    74.4   141.5   163.0   326.0   405.3   450.8   482.5   518.3   563.5   650.1   958.5  4560.5 16188.2  64014.0    63983
read      370.3   399.8    74.4   144.8   166.9   329.0   409.9   455.0   486.2   522.0   568.2   652.1   942.7  5046.3 12770.6  65776.7    66108
read      356.4   313.8    74.4   140.7   162.0   319.0   398.9   443.4   473.5   509.2   550.8   627.6   927.1  4190.3  7956.5  63533.3    63331
read      441.9   549.8    80.4   141.6   164.8   354.2   460.9   524.8   587.3   674.7   779.9   934.1  1540.9  6437.6 28626.6  30011.0    29861
read      419.2   567.3    80.4   137.7   160.3   348.5   453.6   525.6   576.2   631.7   705.1   802.2  1134.3  5941.6 29898.9  23979.3    24009
read      415.4   429.2    80.4   150.0   174.3   329.9   412.6   464.7   505.5   562.5   673.1  1000.7  1771.5  3966.3 13542.7  88577.3    88599
read      427.1   539.8    80.4   138.4   160.1   329.3   435.4   494.4   543.9   622.7   778.6  1036.4  1562.6  4351.2 17400.0  44213.3    44102
read      437.2   369.2    80.4   143.8   168.1   338.9   452.0   525.4   591.4   683.2   839.1  1090.4  1517.8  3060.9 12043.3  53440.0    53317
read      370.2   328.9    80.4   145.4   167.5   322.0   401.9   448.2   481.1   521.2   576.3   696.6  1214.2  3602.8 11642.3  71455.7    71297
read      369.3   453.0    80.4   141.6   163.3   328.3   411.5   455.6   486.4   521.4   565.1   642.8   962.3  5561.5 10016.9  56217.7    56180
read      427.6   503.8    80.4   138.6   159.9   339.9   448.9   512.3   572.0   658.1   786.7   970.3  1355.3  7543.7 15448.9  31210.0    31182
read      405.8   400.4    80.4   149.3   173.3   329.1   405.5   451.1   485.6   530.0   598.4   891.6  1850.2  3897.4  9932.9  87906.7    87755
read      342.1   231.2    74.4   148.7   170.3   311.9   381.4   421.3   450.0   484.5   530.7   608.1   848.3  2139.3  7376.3  97155.0    96921
read      364.1   343.4    74.4   141.4   163.1   324.8   405.3   449.1   479.1   515.5   558.7   637.4  1029.5  3998.5 11059.1  62300.3    61938
read      367.2   375.8    80.4   149.6   172.4   327.2   402.2   444.8   476.0   515.8   569.7   668.1   941.1  4502.7 15761.8  92340.7    92219
read      344.0   271.1    74.4   140.0   160.9   312.2   388.2   429.5   458.7   492.2   533.2   593.3   848.7  3702.3  8731.9  72092.7    72068
read      344.8   315.8    80.4   145.2   166.7   309.7   380.2   420.0   448.8   483.0   527.5   598.8   864.7  3857.7 14333.2  91210.0    91337
read      353.4   356.9    74.4   143.2   164.7   315.9   393.2   435.4   466.1   502.9   548.0   630.6   896.5  3457.5 12264.4  79361.0    79445
read      348.4   313.6    74.4   148.4   170.7   315.6   386.9   427.0   456.3   491.0   536.2   616.0   865.1  2422.0 16009.8  94136.7    94085
read      353.9   405.6    80.4   147.3   169.4   315.9   388.3   428.6   457.5   492.3   539.1   625.4   907.0  3605.7 13259.2  92235.7    92436
read      390.8   303.2    80.4   139.3   161.8   349.2   435.4   492.7   539.4   588.5   641.0   737.4  1121.1  3645.0  9283.9  20641.7    20673
read      392.0   405.8    74.4   146.3   169.2   324.3   404.9   453.3   490.5   537.8   614.5   833.4  1570.3  4539.8 12257.3  81902.7    81851
read      357.1   320.5    80.4   138.7   159.5   323.5   402.3   445.3   475.0   507.7   547.2   619.2   975.7  3888.2  9674.1  54288.3    54044
read      446.1   495.2    80.4   139.4   162.8   348.0   465.1   534.8   597.4   687.6   826.0  1009.0  1446.3  7314.5 12048.3  39378.3    39465
read      408.5   474.5    80.4   140.3   162.9   353.8   459.0   529.0   574.8   621.0   681.6   779.3  1015.8  4893.1 26598.2  21635.3    21486
read      378.4   416.2    80.4   140.9   162.4   323.5   408.1   456.2   489.9   529.5   585.2   723.3  1314.9  4940.0 15754.5  63317.7    63265
read      351.6   304.5    80.4   141.0   162.6   321.6   400.9   443.9   472.9   505.8   542.9   601.7   833.6  3205.2  9884.8  57978.0    58052
read      430.3   518.0    80.4   141.2   164.7   340.2   449.8   511.7   565.2   639.8   767.6   989.8  1474.0  7184.7 13752.4  48570.0    48568
read      384.0   413.2    80.4   143.1   165.7   322.9   408.1   458.1   493.5   535.0   594.3   753.6  1433.5  4383.0 12789.3  65729.3    65664
read      361.8   338.0    80.4   152.8   176.4   326.8   399.7   440.6   470.1   505.5   552.6   643.0   929.9  2698.7 14226.6  97584.0    97568
read      372.3   362.5    80.4   140.3   162.7   336.7   410.2   456.4   491.9   530.5   574.3   640.1  1106.2  4052.3 14820.4  14064.0    13943
read      423.3   342.4    80.4   142.4   167.3   363.1   465.7   534.8   591.5   660.0   741.8   870.4  1166.7  3854.2 12184.4  26859.7    27049
read      381.2   414.9    74.4   148.1   170.9   324.5   406.9   453.9   488.6   531.4   593.1   743.0  1246.7  4905.8 13558.6  77269.0    77230
read      445.4  1031.5    80.4   141.5   163.0   341.9   424.7   477.2   513.4   553.3   605.0   707.5  2379.8 11904.4 32498.8  14037.3    14118
read      426.7   508.3    86.8   145.0   168.7   365.2   468.4   539.4   591.0   640.5   714.0   817.6  1226.4  5071.0 25747.2  20249.7    20176
read      387.0   478.1    68.9   141.7   163.5   314.1   395.7   444.1   480.8   528.1   599.3   802.4  1645.2  4740.0 16004.8  80337.7    80490
read      353.9   292.2    80.4   142.4   164.0   318.1   395.7   439.7   471.0   508.3   557.2   640.7   915.6  2762.5  9104.5  79220.3    79315
read      354.9   319.4    80.4   143.8   165.9   317.4   392.1   433.9   465.1   502.4   549.9   638.2   934.2  3618.6 10915.6  89991.7    89902
read      355.5   330.3    80.4   144.4   166.6   317.5   393.3   434.9   465.1   501.4   548.3   637.9   928.1  4172.4 11731.2  87912.3    87947
read      369.3   581.9    80.4   141.7   165.2   323.9   387.3   424.5   449.9   477.7   515.7   580.8  1475.6  5851.9 17351.0  10059.7    10116
read      438.3   376.7    80.4   141.2   164.9   353.0   469.2   549.2   620.0   713.5   828.9   974.2  1306.6  4522.6 12184.5  27050.7    27101
read      482.0   530.5    80.4   158.2   186.8   367.9   455.4   511.8   561.0   636.9   823.5  1441.8  2001.0  5153.4 15604.4  87366.0    87415
read      361.7   304.2    80.4   151.8   175.8   326.2   399.2   439.6   469.9   507.0   557.3   651.1   937.5  2851.3 10883.5  96718.7    96576
read      355.8   326.7    74.4   140.3   161.6   322.6   401.6   445.7   475.6   509.1   549.2   618.1   931.4  3252.2 11947.0  60228.0    60307
read      418.3   454.5    80.4   138.1   161.4   344.9   450.6   514.3   573.4   649.0   753.7   890.0  1252.9  5446.1 16025.9  26712.0    26961
read      405.5   855.9    80.4   138.1   159.9   339.6   432.5   484.1   517.0   550.5   595.6   669.6  1243.3  9655.9 37162.1  15170.0    15204
read      445.8   483.1    80.4   141.4   166.0   358.9   475.4   554.9   621.9   712.4   828.3   989.3  1342.9  5194.2 13460.5  31576.3    31938
read      378.9   331.2    80.4   145.6   167.6   325.4   409.4   458.0   494.0   538.0   602.4   747.2  1349.2  2906.5 12087.6  68409.0    68658
read      361.1   368.4    80.4   145.7   167.5   320.5   400.1   443.8   474.1   509.4   553.4   633.5   933.2  4087.9 12603.7  74800.0    74704
read      430.3   532.5    80.4   146.4   170.8   358.9   457.5   513.4   562.0   628.7   735.4   900.9  1275.7  6313.3 20003.3  28829.3    28785
read      373.9   327.5    80.4   147.6   170.6   324.9   405.6   451.7   484.8   526.7   584.3   706.5  1196.3  3288.6  9423.2  81002.0    80880
read      358.8   321.1    80.4   147.9   169.9   320.3   394.6   435.5   465.4   502.1   549.9   642.0  1003.7  3228.6 11558.4  84841.0    84889
read      408.4   910.0    80.4   139.5   160.7   333.6   402.8   444.8   472.5   507.5   548.2   622.3  1897.2 10896.6 30716.3  12507.0    12545
read      518.2   550.7    80.4   163.3   193.9   375.8   465.3   529.2   589.7   712.6  1112.6  1588.3  2013.3  5379.1 17177.0  87490.0    87931
read      412.9   616.7    80.4   140.1   163.7   348.5   442.9   497.5   543.9   599.1   662.9   782.1  1235.0 10335.1 31028.4  22765.0    22654
read      441.3   423.1    80.4   138.2   161.3   354.4   473.2   559.5   627.0   719.8   834.5   988.7  1341.7  4043.4 13502.0  32436.0    32494
read      383.3  1062.5    93.8   156.0   179.1   290.8   335.7   360.2   377.1   396.6   424.1   479.3  2967.9 19796.5 32172.3   5767.7     5754
read      460.8   570.7    80.4   141.6   165.4   344.6   466.8   549.1   624.1   732.5   880.7  1082.9  1578.6  7828.9 21749.0  44119.0    44191
read      441.2   598.7    80.4   137.3   161.1   346.3   462.1   539.2   608.0   697.5   811.4   978.9  1295.3  7592.9 30508.5  33467.3    33371
read      426.9  1071.9    86.8   138.5   160.6   339.4   429.7   481.7   514.0   548.9   589.3   662.2  1551.4 15416.5 41797.4  14958.7    14938
read      464.9   748.4    74.4   141.1   164.7   359.4   480.0   563.4   633.9   719.5   826.8   982.8  1400.6 10368.5 31668.5  31530.7    31457
read      453.0   593.9    74.4   142.7   165.9   327.8   439.2   511.5   581.6   686.5   868.9  1152.0  1755.8  7438.0 21635.3  57683.3    57822
read      372.5   331.4    80.4   146.1   168.1   323.1   402.8   448.7   481.8   521.5   575.6   691.0  1449.9  2826.4 11970.7  76343.3    75974
read      345.0   312.5    80.4   149.6   171.8   311.4   379.2   417.9   446.3   479.9   524.5   598.0   859.2  3483.3  9857.5  98402.3    98021
read      402.6   370.1    80.4   142.0   165.5   346.0   439.3   493.9   540.3   602.4   691.8   839.7  1212.9  3216.4 12895.3  26881.0    26808
read      390.2   922.2    86.8   149.1   172.0   314.3   375.0   404.4   425.8   450.4   483.0   544.8  1870.0 10074.1 37517.5   8157.0     8158
read      392.0   370.5    80.4   146.2   169.3   324.8   404.2   452.1   488.1   532.9   605.2   831.1  1692.2  3743.0  8495.8  78407.0    78444
read      361.3   320.2    80.4   147.8   170.4   321.1   396.8   439.9   471.3   509.7   562.8   662.5  1005.3  2819.1 10182.0  89252.7    89318
read      358.9   305.5    80.4   140.0   161.7   323.8   402.3   445.0   473.5   506.7   547.0   616.0  1022.8  3547.9 12631.0  50635.3    50842
read      350.6   250.8    74.4   144.0   166.3   316.3   391.2   433.2   463.0   498.7   544.8   629.6   906.5  3061.6  7605.4  84754.0    85001
read      349.6   312.3    80.4   146.3   168.4   316.6   387.7   427.1   456.2   490.5   534.7   615.3   906.4  2703.8 10030.4  90458.3    90462
read      340.5   221.4    74.4   146.3   168.2   311.0   381.1   420.5   449.0   483.2   528.8   607.6   844.1  2242.5  7919.8  95769.7    95607
read      408.4  1025.5    80.4   142.6   165.8   326.6   395.6   433.2   460.0   490.9   529.6   592.8  2130.7 11602.1 36387.9  11020.0    11022
read      454.1   449.1    80.4   142.7   166.0   333.5   449.0   527.7   600.2   719.6   910.2  1222.0  1705.1  4179.3 12395.6  51457.7    51818
read      439.9   408.1    74.4   141.5   165.7   342.9   462.9   539.5   609.0   703.8   844.2  1055.9  1448.8  3757.8  8779.6  47435.3    47455
read      368.2   319.2    74.4   140.3   161.9   315.7   399.6   448.2   483.1   524.1   580.0   712.3  1373.9  2760.3  8798.0  63297.0    63013
read      352.1   334.5    80.4   146.1   168.6   316.0   388.2   428.9   458.7   494.5   541.3   626.9   885.2  3762.2 11579.5  94760.3    94531
read      363.9   368.8    80.4   145.6   167.2   323.2   401.1   443.7   473.3   510.6   559.5   644.5   991.8  3865.9 14910.7  78971.7    79152
read      400.2   383.8    74.4   138.5   161.3   347.4   442.6   499.7   548.8   602.5   669.3   779.5  1072.4  4708.0 11892.9  23831.7    23899
read      463.2   716.0    74.4   139.9   162.9   333.6   451.6   531.3   603.3   708.9   876.3  1140.4  1707.8  8480.6 36519.5  51764.3    51599
read      422.5   374.2    80.4   150.8   175.4   335.5   415.0   464.2   504.2   558.9   675.8  1099.9  1834.8  2988.5  8708.0  86703.3    86254
read      359.7   421.1    80.4   142.0   163.7   321.2   400.1   442.7   472.8   507.7   547.3   620.3   909.9  4252.7 12363.2  61034.3    61232
read      423.7  1361.5    93.8   160.1   183.1   301.3   348.3   374.8   395.6   420.7   455.7   523.8  3353.5 29366.1 37350.1   6114.3     6064
read      463.0   575.4    80.4   142.9   165.8   351.1   474.8   568.0   656.3   770.9   906.0  1054.5  1473.7  6692.1 25129.1  31475.0    31682
read      455.1   431.6    74.4   144.4   167.9   352.6   478.3   559.5   634.5   741.0   890.0  1088.3  1499.1  3858.5 12944.9  43239.7    43144
read      428.2   849.0    86.8   141.8   164.2   350.1   448.7   502.8   534.4   570.2   619.1   702.7  1821.5 10759.7 38450.4  13843.0    13791
read      454.2   737.9    80.4   142.5   166.1   358.2   465.1   543.3   604.4   680.0   778.1   909.5  1411.2  8082.3 32378.8  25747.7    25617
read      454.8   437.5    80.4   143.2   165.2   341.4   463.4   546.6   632.6   769.3   928.8  1113.1  1509.6  4348.2 12532.4  39338.7    39210
read      388.3   316.1    80.4   141.5   162.9   347.4   445.3   510.6   552.6   594.9   641.0   720.6   914.2  2645.9 11689.1  17682.7    17694
read      371.3   320.2    74.4   144.3   166.6   318.8   400.5   448.4   482.6   523.4   579.6   717.3  1416.3  2443.1  8620.7  72884.0    73124
read      347.4   288.7    74.4   141.7   163.7   316.9   391.7   433.4   462.6   497.4   541.6   620.2   856.1  2524.1 10009.0  78808.0    79005
read      345.5   407.8    93.8   157.5   181.2   313.3   367.2   398.3   420.5   445.0   474.2   526.6   821.3  6447.7 17048.8   7352.0     7369
read      449.3   382.0    86.8   150.2   176.8   371.2   486.9   579.3   644.6   729.3   825.1   947.9  1165.1  4324.6 12197.3  23346.3    23367
read      464.7   372.8    80.4   146.7   171.0   354.1   473.2   573.6   681.9   817.0   964.5  1138.4  1412.6  3439.5 11303.7  32330.0    32140
read      464.5   386.0    80.4   146.2   169.2   348.3   463.8   546.6   627.4   765.0   964.1  1258.5  1679.5  2362.4 10705.9  39304.7    39353
read      478.7   628.8    74.4   149.6   173.6   356.3   475.2   561.7   636.8   745.6   907.1  1144.4  1775.8  6625.5 30583.8  45550.0    45380
read      396.7   333.4    80.4   143.6   166.5   328.7   422.6   476.5   520.5   578.5   669.2   864.8  1469.4  3176.9  8701.1  64565.0    64796
read      349.3   279.8    80.4   140.3   161.1   320.2   397.0   438.3   466.1   496.6   533.3   591.3   874.5  3413.0  9622.2  51638.7    51740
read      357.1   435.2    80.4   145.0   166.4   316.3   392.8   434.6   464.4   498.8   542.8   623.0   902.0  4964.1 17315.5  75302.3    75161
read      389.7   411.1    80.4   145.4   168.2   351.4   439.7   491.3   529.0   570.8   624.1   716.3   937.6  5276.9 15321.4  19291.0    19335
read      375.7   328.4    80.4   143.0   166.3   345.0   430.0   478.3   509.7   545.5   589.6   655.8   854.3  3902.6 12483.9  17201.7    17221
read      348.3   211.9    86.8   140.8   162.4   325.5   404.6   452.0   482.3   513.8   550.0   606.4   748.3  1479.8  7695.2  14030.3    14196
read      382.3   466.9    80.4   149.7   173.2   323.6   400.0   444.7   477.8   521.4   584.2   725.9  1352.5  4718.5 15188.0  88639.3    88965
read      385.5   720.1    80.4   137.8   159.8   331.5   410.8   457.0   490.0   525.9   570.0   644.7  1077.4  7346.8 31963.6  16519.7    16318
read      423.9   351.0    80.4   137.1   159.7   337.3   452.2   530.7   597.6   685.9   816.5   999.5  1321.1  3166.8 11921.9  37366.3    37325
read      378.5   419.5    74.4   140.1   162.2   319.7   407.3   458.1   494.5   537.4   599.0   740.4  1309.9  4412.1 18096.7  64664.3    64810
read      344.1   306.5    80.4   145.0   166.9   311.6   381.8   422.7   452.7   487.9   534.4   614.2   850.7  2634.5  8908.9  92209.3    92337
read      357.8   289.8    80.4   143.3   165.1   318.9   398.3   442.0   472.6   508.4   554.0   637.6   971.4  4018.0 10387.0  67406.7    67451
read      389.2   593.7    80.4   146.2   168.4   344.6   426.1   475.1   508.9   545.7   591.6   664.1   928.5  7535.5 15907.3  16344.7    16320
read      414.4   369.9    74.4   148.9   173.1   333.0   428.1   487.9   536.0   603.5   720.2   962.6  1558.5  3468.2 13042.7  65029.7    65086
read      366.0   348.5    80.4   148.1   169.7   325.9   404.4   447.3   477.1   512.4   559.9   655.5  1006.4  3554.6 10239.0  73456.0    73822
read      395.1   354.4    80.4   148.6   171.6   353.4   439.2   490.6   537.3   588.6   647.7   747.4   995.0  3862.5 15254.0  24053.3    23963
read      387.3   408.0    80.4   153.3   176.9   331.1   412.4   458.4   493.4   539.5   615.8   771.2  1242.9  3410.2 16782.7  83042.0    82778
read      353.2   407.3    80.4   142.0   163.4   322.4   404.3   447.2   475.8   506.3   541.8   595.9   811.0  3690.7  8741.2  53950.7    54091
read      357.0   309.0    80.4   146.1   167.8   320.1   398.5   441.7   471.2   506.2   550.3   636.4   914.2  3816.6 11015.0  70946.3    70803
read      411.1   661.5    86.8   144.1   167.7   347.7   432.8   485.4   526.4   575.0   631.9   739.2  1255.5  9497.9 31443.5  22304.7    22310
read      421.2   344.4    80.4   144.2   168.1   362.3   463.1   532.0   590.1   658.4   741.5   879.7  1169.9  3276.0 12001.9  32587.7    32805
read      384.3   887.3    93.8   151.0   172.1   310.1   365.7   393.5   413.0   435.2   465.2   525.9  2652.2 10946.8 31890.2   7719.3     7782
read      422.2   472.7    80.4   144.0   169.3   361.0   457.6   521.9   568.1   619.5   687.2   812.3  1220.3  8417.2 12556.8  25003.7    25016
read      397.7   626.8    86.8   143.5   166.5   344.4   434.0   490.1   523.1   556.2   602.9   683.2   975.6  7868.0 30870.1  17065.0    16989
read      386.5   450.9    80.4   140.0   162.9   334.4   418.1   463.8   492.9   524.5   562.3   628.8  1986.8  7586.7 15755.6  15693.0    15628
read      433.8   657.3    80.4   140.6   164.8   353.8   451.8   517.6   565.6   614.2   679.0   795.4  1408.6 10266.6 28011.9  25522.7    25410
read      387.8   377.7    74.4   149.8   173.3   324.5   403.6   451.2   488.5   536.5   616.4   800.7  1454.0  4524.3 12173.7  82522.3    82296
read      392.9   295.6    80.4   139.3   162.8   345.4   439.7   492.6   540.0   595.4   670.6   803.1  1083.1  2290.0  9984.2  29231.3    29159
read      338.9   664.6    93.8   149.0   170.5   284.5   328.9   350.2   366.1   385.4   411.2   459.4  1858.2  8073.4 30281.5   6206.0     6199
read      438.0   956.5    80.4   138.6   161.4   342.2   430.1   487.2   526.3   569.4   624.4   730.4  2520.7 10562.4 39127.2  18818.3    18801
read      387.3   330.3    80.4   142.9   165.3   325.4   414.8   465.9   504.0   553.6   631.8   817.0  1414.4  3561.5  7839.0  64951.0    65263
read      354.4   618.2    86.8   151.4   173.6   302.5   348.3   373.3   391.3   411.3   436.4   494.8  2552.2  5462.6 25121.6   6978.7     6932
read      422.2   502.7    80.4   152.3   177.7   336.8   418.1   469.0   512.0   572.9   688.2   991.6  1704.5  4695.6 18495.0  87862.3    88231
read      442.3   592.9    80.4   138.4   161.9   346.7   452.8   516.8   573.1   636.8   743.3   934.8  2052.1  7132.2 18552.6  30697.7    30552
read      418.1   340.2    74.4   136.0   159.2   327.9   442.1   511.8   577.6   659.8   786.3  1009.5  1435.7  3238.1  9922.0  51452.7    51672
read      363.1   299.2    80.4   140.3   162.0   315.2   397.6   443.5   476.1   515.7   569.3   687.6  1215.2  3565.8 10935.0  68352.3    68297
read      351.2   333.8    80.4   142.9   164.3   316.0   392.1   434.3   464.5   499.4   544.2   625.1   871.5  2807.6 13368.5  80574.3    80747
read      424.1   572.6    74.4   138.2   161.3   334.8   441.7   499.5   548.4   623.6   743.6   947.0  1452.9  8033.0 20085.8  39367.0    39496
read      370.8   379.8    74.4   138.0   159.8   310.6   390.9   438.2   470.9   509.2   568.6   739.5  1532.7  3468.4  9894.2  69632.3    69774
read      394.1   956.8    80.4   139.2   161.1   325.0   398.2   437.6   463.1   493.5   531.9   591.1  1437.1  8751.1 32466.2  13815.0    13780
read      430.6   473.0    74.4   136.5   160.2   341.4   456.4   529.6   593.6   682.5   809.6   993.7  1350.6  4183.0 13698.0  41526.3    41542
read      436.2   440.1    74.4   135.0   158.1   317.1   425.9   504.6   581.5   690.3   877.5  1164.0  1662.2  4378.9 12722.5  57407.7    57185
read      364.3   873.6    86.8   148.1   170.2   285.5   330.5   354.5   371.0   392.3   421.8   492.4  2937.1 10846.6 31867.6   6359.3     6438
read      450.0   631.1    74.4   138.4   162.4   337.6   454.9   528.3   594.3   685.5   830.7  1053.2  1540.1  8400.0 18849.6  44856.3    44933
read      423.5   412.0    74.4   138.2   161.3   325.1   434.7   503.8   567.4   652.0   803.7  1070.9  1587.4  3055.4 11685.3  54120.7    54253
read      432.0   483.0    74.4   141.1   164.9   351.3   458.9   527.1   585.7   656.2   760.8   938.8  1397.4  5435.4 16452.2  36200.7    36314
read      370.2   428.1    80.4   141.9   163.8   317.6   398.3   444.1   476.3   513.1   565.3   687.2  1296.1  4494.7 13550.0  70072.0    70019
read      413.1   351.1    80.4   138.2   161.9   336.1   442.2   504.2   555.4   626.6   746.8   967.5  1338.2  3711.1 10808.0  39900.3    39997
read      429.3   555.1    74.4   138.9   163.3   347.6   458.3   525.4   581.3   645.8   751.7   934.5  1323.3  5877.9 29226.0  40652.0    40474
read      380.6   408.2    74.4   137.8   159.4   314.0   397.9   448.3   485.3   532.3   605.7   788.0  1550.0  3852.7 14779.6  72246.0    72643
read      349.0   292.7    80.4   140.6   161.5   315.6   393.7   436.8   467.3   501.5   542.1   616.6   879.6  2727.3 10207.9  69043.3    68796
read      350.8   438.7    74.4   142.5   164.0   312.5   375.8   409.1   433.3   460.2   492.5   546.4  1180.1  7107.8 10968.2  10426.7    10339
read      370.6   456.2    74.4   139.0   161.1   315.8   398.6   445.9   479.2   517.5   570.1   706.5  1319.4  3812.1 16124.5  66961.0    67037
read      341.9   377.1    80.4   140.5   161.9   306.4   379.1   420.2   449.7   482.8   524.1   589.0   826.8  4497.5 12376.7  82964.0    82640
read      386.0   511.8    74.4   135.3   158.5   334.3   425.3   472.8   514.1   561.7   617.3   713.9   965.8  6949.3 30326.9  24907.7    24902
read      443.0   438.2    74.4   150.9   177.7   343.2   426.5   480.9   528.2   598.9   770.0  1182.4  1853.4  3753.3 11996.7  92285.7    92426
read      418.6   445.8    74.4   137.4   161.5   336.5   444.1   506.8   562.3   645.5   772.1   950.8  1277.1  5518.0 14940.7  38152.0    38219
read      365.0   398.4    80.4   140.4   162.6   314.1   395.7   442.6   477.2   518.0   574.6   691.0  1202.5  3106.5 14718.1  76357.0    76300
read      340.7   283.2    74.4   137.3   157.7   310.5   386.9   428.3   458.0   491.9   533.0   593.3   815.9  2829.7  9696.7  63991.7    63651
read      346.5   338.8    80.4   143.7   166.0   310.5   380.8   421.0   450.4   485.4   532.0   614.7   917.6  3217.7 11455.1  92815.7    92720
read      395.4   322.2    74.4   133.6   155.5   330.4   432.2   488.5   535.9   605.6   715.7   876.9  1214.0  3692.8  8505.3  37921.3    37832
read      411.2   400.0    74.4   137.4   160.7   344.0   450.6   522.5   584.3   651.8   747.9   880.8  1104.1  3638.3 15545.0  28672.3    28654
read      378.0   316.4    74.4   142.0   164.6   327.1   411.3   458.9   494.8   538.5   601.2   746.2  1275.0  3726.2 11342.9  62607.7    62643
read      360.5   309.7    74.4   141.6   164.0   329.6   409.5   451.9   481.1   514.2   552.4   623.4   890.3  3980.8 11488.0  49285.7    49308
read      421.5   331.4    80.4   142.1   166.1   332.6   440.7   510.0   573.9   663.2   796.0  1013.3  1455.0  3324.6  9978.2  53903.7    54070
read      369.1   282.8    80.4   149.7   174.5   326.1   402.0   446.0   478.2   519.0   576.5   698.3  1131.6  2554.4 11694.1  89629.3    89728
read      336.3   255.5    74.4   142.5   164.8   327.8   397.7   424.0   440.7   460.1   486.1   532.8   687.1  2425.1 11657.7  21134.0    21223
read      329.1   271.2    80.4   143.4   165.0   325.9   384.5   408.6   425.2   443.7   466.8   508.1   629.1  3031.0 11947.6  16840.3    16781
read      337.2   233.9    74.4   141.9   164.1   323.5   400.0   429.1   447.7   466.9   494.0   538.8   697.9  3756.3  8690.2  22049.0    22026
read      325.7   233.1    80.4   141.3   162.5   317.7   378.6   402.9   420.0   437.5   465.3   507.9   660.8  3113.3  9119.0  17318.7    17304
read      348.1   277.3    74.4   141.4   163.8   318.9   396.0   437.1   465.8   500.1   543.1   620.2   836.9  2335.3 12177.8  79522.7    79764
read      342.4   236.7    74.4   137.9   160.1   321.8   400.6   440.3   465.2   493.7   528.4   583.2   750.3  1581.2  9537.0  39618.3    39624
read      340.7   263.3    74.4   136.9   159.3   318.2   395.6   435.1   460.4   488.9   524.3   581.0   778.4  1681.7 11796.9  38497.7    38606
read      340.8   258.7    74.4   135.8   158.0   318.4   394.6   433.5   458.3   486.2   521.0   576.7   782.4  2962.1 10185.7  34220.0    34173
read      338.3   187.8    74.4   147.4   170.2   314.4   382.6   420.5   448.0   480.2   522.4   594.0   794.8  1510.1  6471.8  99794.3    99654
read      324.3   328.8    80.4   148.4   171.2   319.1   359.1   378.1   392.5   408.5   432.7   482.3   623.8  4155.3 15598.7  11143.3    11052
read      347.0   263.0    74.4   143.8   167.3   322.1   395.6   435.7   463.1   494.8   535.0   601.8   806.8  1620.3 10718.7  79096.0    78946
read      345.5   227.8    74.4   138.5   160.4   318.4   396.0   438.6   468.6   501.8   542.3   614.2   825.9  2091.9  7803.1  64481.0    64248
read      348.5   209.7    74.4   140.7   163.6   330.2   409.8   448.9   474.0   502.3   536.1   587.6   766.6  1527.4  8558.2  44982.3    44957
read      346.4   248.3    74.4   141.6   164.6   319.2   395.6   436.5   464.7   497.5   539.2   608.7   818.9  2275.8  8681.9  77770.3    77928
read      342.9   215.4    74.4   139.3   161.8   320.0   395.8   435.1   463.2   495.4   535.5   599.9   797.4  1858.6  7664.6  68581.3    68375
read      347.3   242.1    74.4   137.9   160.4   324.8   403.1   444.1   471.6   503.1   541.2   604.2   786.5  1814.1  8007.1  52826.3    52918
read      321.3   240.2    74.4   142.8   163.9   321.0   376.7   397.8   412.8   429.6   453.2   493.0   610.9  2995.3 11167.5  16312.0    16315
read      341.1   234.2    74.4   141.4   163.8   315.4   388.5   428.5   456.8   489.5   530.8   595.0   803.7  2279.3  8029.3  82739.0    82967
read      319.7   247.0    80.4   144.7   165.3   321.6   370.2   390.5   403.2   420.3   439.0   475.8   603.8  3471.1  9305.3  14460.0    14393
read      341.8   206.9    74.4   139.8   162.3   315.7   389.7   429.7   458.8   492.4   534.9   604.7   817.0  2167.4  7333.6  80297.7    80354
read      345.0   201.7    74.4   141.3   164.2   318.6   393.8   434.1   464.0   498.7   542.1   615.4   835.2  1821.7  5418.2  80226.0    80281
read      352.3   231.4    74.4   144.6   168.1   324.3   400.5   442.6   471.5   507.0   550.8   629.1   855.6  1760.2  8230.2  78136.7    77944
read      348.0   251.0    74.4   138.1   160.8   326.9   405.8   447.1   473.2   501.8   537.2   592.3   773.4  1515.6 11938.7  40383.0    40151
read      356.2   249.9    74.4   142.0   165.1   330.1   410.9   453.8   483.2   515.6   552.7   620.2   851.2  1868.7 10359.4  54937.3    55013
read      347.5   231.3    74.4   143.4   166.7   320.2   396.3   437.8   467.0   500.9   541.5   612.4   842.3  1718.0  8637.7  74268.0    74237
read      349.5   213.6    74.4   145.6   169.5   324.6   401.2   441.7   469.0   501.0   540.6   607.9   833.4  1724.0  8774.6  70482.0    70447
read      338.9   328.1    80.4   149.4   171.4   333.9   392.2   417.0   432.9   453.5   478.2   522.2   668.8  4140.1 11935.4  16755.7    16852
read      347.3   218.2    74.4   143.8   166.5   319.6   396.5   437.5   466.3   500.6   543.1   616.7   841.1  1966.2  7974.7  76970.0    76891
read      338.8   206.2    80.4   149.3   172.1   332.1   402.8   428.3   445.1   462.9   488.3   534.2   703.3  1673.2  8412.4  21070.7    20969
read      332.9   214.6    80.4   144.8   166.2   326.3   395.8   422.3   439.0   459.7   486.3   530.9   679.7  1369.0  9916.1  20727.3    20702
read      345.6   224.0    74.4   143.3   166.2   318.4   391.6   431.2   459.3   492.8   536.3   610.7   843.6  2497.4  7095.5  86318.3    86325
read      335.2   229.8    74.4   147.7   170.4   312.0   378.2   415.5   442.3   473.3   514.0   580.4   762.8  1245.4 10255.9  99952.0    99972
read      344.9   213.7    74.4   138.9   162.3   324.6   403.3   444.3   469.9   499.1   533.6   586.5   757.6  1705.5  8367.6  41988.3    42029
read      342.7   215.1    74.4   142.8   165.8   316.9   390.2   430.1   458.5   490.7   531.6   601.7   827.8  1818.7  7911.9  85463.7    85427
read      331.7   273.9    80.4   143.5   165.0   323.8   391.5   417.1   432.5   451.6   472.4   514.6   674.0  2576.2 15517.1  19163.7    19027
read      345.0   221.3    74.4   138.9   160.8   322.0   400.7   441.5   469.4   501.2   539.6   597.2   797.7  1514.5  9863.7  63501.7    63464
read      345.7   229.5    74.4   139.7   162.0   319.3   396.0   437.4   465.8   498.9   541.0   615.6   827.9  2073.5  8340.4  74848.7    74527
read      342.8   266.6    74.4   146.1   169.2   315.1   385.0   424.0   451.5   483.6   526.6   596.9   797.0  2549.9 11900.7  95750.7    95610
read      344.5   203.6    74.4   141.4   164.6   321.2   398.2   438.8   466.2   497.7   535.8   596.3   786.9  1715.9  7984.6  69485.0    69455
read      345.4   229.7    68.9   138.9   161.3   320.8   397.3   437.0   465.3   497.6   536.7   598.4   822.8  2322.4  8490.4  67152.3    67033
read      337.8   214.1    80.4   142.9   165.7   322.9   401.8   432.6   452.4   472.8   499.8   539.9   671.8  3664.9  6346.8  24129.3    24222
read      350.7   227.9    74.4   139.9   162.5   327.3   404.1   445.9   473.9   506.0   544.7   611.0   818.7  2007.4  8274.2  57235.3    57114
read      350.5   213.6    74.4   140.9   164.5   327.6   405.6   449.1   478.0   508.1   543.6   602.5   823.3  1639.2  7801.8  54524.3    54523
read      320.5   253.3    80.4   140.4   161.2   315.2   373.6   397.0   413.3   431.4   456.7   502.0   660.7  2497.1  7385.4  16936.0    16979
read      341.6   214.3    74.4   140.2   162.9   324.5   401.9   438.2   460.8   486.0   515.5   564.0   737.1  2232.9  8373.9  32788.7    32949
read      347.0   236.7    74.4   138.8   161.3   325.3   402.8   443.7   470.1   499.3   534.5   589.9   774.0  2540.1  8618.4  45972.7    46042
read      350.1   234.4    74.4   141.2   163.8   320.0   398.5   440.7   469.7   504.7   548.1   627.0   882.2  2048.5  8613.7  73616.3    73585
read      345.1   232.3    74.4   140.1   162.9   325.1   404.7   442.1   465.6   491.2   521.9   574.9   754.8  2413.0  8767.0  33810.0    33739
read      337.3   246.8    74.4   139.7   161.4   318.8   398.3   435.5   457.6   481.5   508.9   554.4   708.3  1497.3  8066.0  32328.0    32453
read      346.3   268.6    74.4   139.5   161.9   320.4   397.6   438.5   466.6   497.8   536.8   601.5   807.9  1874.3 10866.9  67525.0    67255
read      348.5   227.9    74.4   141.2   164.4   328.8   406.0   446.7   472.1   500.7   534.5   588.1   778.2  1610.2  8696.2  50036.7    50142
read      312.4   425.6    86.8   164.1   189.4   282.1   310.5   326.5   339.6   357.2   385.5   444.6   652.4  7686.2 15169.9   6086.3     6043
read      364.2   239.9    74.4   145.0   170.4   340.3   418.3   459.0   487.3   519.4   560.4   640.8   883.7  1804.2  8325.5  62369.3    62622
read      348.5   259.2    74.4   146.1   169.2   319.8   391.4   431.8   460.6   495.0   539.3   616.9   840.3  2357.3  8561.3  91539.0    91377
read      345.5   201.5    74.4   141.5   164.5   321.8   397.6   437.1   466.2   499.4   540.5   611.6   826.9  1499.3  6999.1  76162.3    76278
read      347.6   263.6    74.4   139.7   161.9   321.5   399.1   440.8   470.2   503.5   544.4   612.5   813.6  1915.3  8779.4  71005.3    70973
read      336.9   216.3    80.4   138.1   159.9   317.6   393.7   430.5   453.3   477.1   506.6   553.2   748.7  2665.3  7980.6  30173.7    30148
read      338.1   251.7    74.4   145.4   168.4   313.8   381.4   418.9   445.9   477.7   520.5   589.4   785.8  1712.8  8609.4  95556.0    95811
read      325.0   214.1    80.4   140.7   162.3   315.5   386.9   413.7   430.7   450.8   473.1   515.7   656.9  1779.1  8675.4  20588.3    20543
read      347.1   274.3    68.9   140.3   163.1   319.3   396.1   436.3   464.3   495.6   534.8   599.6   822.5  2739.0 11838.6  70907.0    70821
read      341.0   251.0    74.4   140.8   163.7   321.8   402.8   440.0   462.9   488.0   516.9   563.5   706.6  2170.9  8317.5  30594.3    30559
read      348.2   220.2    74.4   142.2   165.2   324.0   402.9   445.0   473.5   504.5   542.0   603.9   793.6  1565.3  8490.8  65866.0    65598
read      345.7   231.3    74.4   140.4   164.0   326.1   404.9   444.8   469.8   498.0   530.5   581.0   756.8  1419.5 11144.1  37865.3    37950
read      344.9   252.7    74.4   141.1   163.3   324.5   405.3   439.7   461.2   485.3   513.6   560.7   734.2  3618.5  8864.8  28233.3    28164
read      343.0   209.4    74.4   150.0   173.1   317.0   386.0   425.0   453.1   486.1   529.8   605.5   811.7  1396.9  8119.0  98562.7    98425
read      346.4   216.7    74.4   141.1   164.3   322.3   399.9   440.8   469.6   503.1   541.8   606.2   803.8  1587.5  7216.5  69547.7    69639
read      352.7   259.9    80.4   141.4   164.7   330.5   416.0   454.2   477.8   504.1   536.3   586.2   755.3  2682.2  9330.5  30577.3    30660
read      353.5   247.9    74.4   140.2   163.3   327.9   407.8   450.6   479.9   511.0   547.9   616.2   850.5  2163.0 10030.6  58213.0    58396
read      335.0   203.1    74.4   139.8   161.4   316.5   394.4   430.3   453.2   477.7   506.5   556.8   717.4  1590.0  8862.4  30598.0    30357
read      341.6   253.3    74.4   146.9   169.8   314.3   382.2   420.4   448.0   480.6   525.1   595.7   807.2  2597.2  8601.6  97726.7    97770
read      343.7   211.8    68.9   141.0   163.3   316.8   395.0   436.8   466.5   499.1   539.6   608.3   804.5  1747.8  7804.0  74822.3    74701
read      346.8   290.7    74.4   140.5   162.9   317.6   393.0   433.5   462.6   495.5   537.5   606.6   837.3  2622.0 10112.3  73704.0    73716
read      345.8   271.3    74.4   138.8   161.7   325.3   401.9   441.4   466.2   493.5   526.6   580.2   783.3  2003.5  8453.3  41842.7    41706
read      348.8   230.1    74.4   140.6   163.0   324.6   402.7   444.8   473.0   504.5   543.1   606.2   819.8  1705.6  9373.1  62283.3    62048
read      345.1   302.6    74.4   140.2   163.3   323.6   401.6   438.8   462.9   488.7   518.9   572.4   783.5  2252.8  9028.0  32160.3    32198
read      352.3   247.2    74.4   140.1   162.9   322.7   400.9   444.2   474.5   507.3   548.0   625.4   853.9  3267.0  8750.9  67877.3    68018
read      347.3   268.1    74.4   141.2   164.2   325.1   404.7   445.3   471.0   497.3   529.4   581.9   745.8  2320.3 11615.7  41086.7    41047
read      324.2   339.3    74.4   145.7   168.2   314.4   356.4   375.9   390.7   406.1   429.7   470.7   657.9  5129.3 15266.0  11665.7    11624
read      342.5   255.5    74.4   144.7   167.2   317.2   389.5   428.6   457.1   489.8   530.9   595.7   791.5  1447.5  9870.6  86690.0    87044
read      333.9   262.6    74.4   140.1   161.5   317.5   394.7   426.1   446.1   467.6   496.5   542.1   711.0  2449.9  8029.9  23625.7    23627
read      354.4   277.9    74.4   139.4   162.9   330.1   409.1   450.5   477.0   505.4   541.1   601.8   817.9  3908.0  8512.6  43283.7    43529
read      327.6   232.5    74.4   140.5   161.5   316.8   386.0   414.3   431.9   452.8   477.4   524.9   665.5  2942.6  8136.5  20044.0    19935
read      339.3   221.4    74.4   143.7   166.6   327.3   401.2   430.1   449.8   470.7   499.9   544.2   691.4  2130.3  9323.6  22416.7    22377
read      338.8   318.0    74.4   139.3   161.1   319.5   396.1   428.4   449.3   471.0   499.2   544.0   708.2  3878.9 11934.5  23611.3    23503
read      355.0   237.0    74.4   142.2   165.1   333.5   415.5   457.1   484.1   512.7   546.5   603.1   802.6  1611.8  8729.5  51245.7    51389
read      357.3   238.0    80.4   145.2   168.5   330.9   411.4   455.0   484.2   516.2   554.9   623.1   841.7  2155.9  7500.5  62564.0    62507
read      355.2   242.7    74.4   141.3   164.0   330.2   409.7   453.2   483.2   515.5   553.1   618.4   843.1  2230.0  9532.2  59151.0    59155
read      357.6   294.8    74.4   140.8   163.8   333.2   414.6   457.2   485.1   513.7   548.0   610.9   815.4  2175.9 12418.4  50397.3    50409
read      349.9   286.8    74.4   140.6   164.7   328.8   405.7   445.4   469.8   496.0   528.8   581.5   769.7  3605.7 11635.7  36984.0    37179
read      346.2   238.5    74.4   142.6   165.4   318.3   396.3   436.9   466.5   499.8   541.2   614.3   842.6  1659.7  9012.8  77172.3    77252
read      340.0   215.3    74.4   148.1   171.2   316.3   384.2   422.2   449.4   481.7   524.5   593.2   780.4  1299.1  8342.7  99578.3    99248
read      344.7   267.8    74.4   142.0   164.5   322.9   404.2   439.8   462.2   486.8   514.8   560.3   738.2  4004.5  9055.8  28741.7    28668
read      349.4   431.4    74.4   144.3   167.1   327.2   403.5   429.7   448.1   468.1   495.8   541.2   718.0  6110.7 20554.0  23215.0    23169
read      349.9   332.5    74.4   139.9   162.6   327.0   406.0   445.6   472.0   499.0   531.7   584.3   760.9  3554.3 13199.2  35752.3    35563
read      348.7   261.0    74.4   142.6   165.3   318.9   395.4   436.4   465.4   498.9   541.8   616.6   853.7  2404.1  8726.1  82630.0    82681
read      346.7   253.9    74.4   139.8   163.0   329.2   406.3   444.2   468.5   495.0   526.8   577.1   745.0  1460.9 11410.5  41591.0    41439
read      348.4   261.9    74.4   138.5   161.6   327.6   403.0   442.7   469.8   499.4   534.8   591.4   790.7  1771.7  9810.3  45543.0    45694
read      346.7   258.6    74.4   142.9   165.6   325.9   408.0   443.1   464.8   488.7   516.5   566.5   739.4  2891.8  8586.3  27310.7    27332
read      344.9   224.5    74.4   141.7   164.6   318.7   393.4   433.7   463.0   495.4   535.7   605.9   820.4  2437.4  8248.4  77739.7    78141
read      343.9   304.4    74.4   139.5   162.5   325.0   402.1   440.0   463.7   488.6   517.1   570.7   731.0  1358.4 12894.1  33938.0    33865
read      349.2   209.1    74.4   140.7   163.5   329.1   405.9   447.6   475.6   504.9   541.1   600.1   794.7  1533.3  8283.0  54110.7    54245
read      342.2   203.9    74.4   145.8   168.9   316.4   386.7   425.9   454.5   488.0   531.8   607.2   814.7  1653.2  7770.6  93711.7    93750
read      349.9   230.6    74.4   140.6   163.4   324.3   401.6   443.5   472.2   504.4   544.4   615.3   835.5  1965.2  9200.5  64722.0    64690
read      350.6   247.9    74.4   139.4   162.4   322.3   400.7   442.9   472.6   505.2   546.1   622.3   848.4  2151.4 11254.9  71114.0    71031
read      354.1   234.9    74.4   141.1   164.3   333.4   411.6   453.5   481.4   511.0   547.0   611.6   797.6  1593.1  8078.0  53717.7    53787
read      343.6   224.0    74.4   140.1   162.6   315.8   391.0   432.1   461.6   495.7   539.5   616.1   836.9  1881.6  8608.9  85573.0    85406
read      352.1   239.5    74.4   139.4   162.1   327.6   408.7   453.3   481.9   510.3   546.1   612.1   812.0  1820.9  7678.7  49395.7    49419
read      311.7   294.5    80.4   153.9   176.0   304.6   341.6   360.8   373.3   390.7   411.9   451.8   584.2  4044.3 10036.7   9514.3     9577
read      353.4   300.3    74.4   142.5   165.7   322.1   399.9   442.2   471.8   505.8   550.0   632.7   855.6  2386.2 12035.2  76136.0    76523
read      339.7   250.7    74.4   144.1   166.6   312.4   382.4   421.1   449.6   483.3   525.7   597.7   814.7  1746.5  8662.5  94982.7    95004
read      346.6   224.5    68.9   138.6   160.9   326.7   405.2   445.4   472.4   499.6   533.0   586.9   781.8  1648.9  8063.3  43353.7    43081
read      344.0   235.5    74.4   142.8   165.9   316.6   389.3   430.0   459.9   494.3   538.1   613.0   813.1  2032.8  7742.9  88762.3    88919
read      342.4   248.0    74.4   144.4   167.4   314.8   385.9   425.9   454.5   488.4   532.7   607.9   812.2  1534.9  8695.8  93441.7    93348
read      346.8   225.4    74.4   137.6   160.3   325.8   402.9   445.3   472.5   501.9   538.1   596.0   786.2  1640.2  9548.3  48556.3    48725
read      347.7   264.8    74.4   140.1   163.0   325.1   402.3   442.9   469.1   497.7   532.8   589.8   787.0  1926.7 11605.6  47306.7    47241
read      344.8   302.2    74.4   140.4   162.6   316.1   390.5   430.7   459.2   492.2   534.4   606.8   833.3  2145.4 12309.8  78113.0    77893
read      348.7   255.5    74.4   140.2   163.4   328.9   406.8   446.5   472.0   500.0   534.1   586.5   755.5  1957.0 10291.6  36196.0    36428
read      337.5   201.2    74.4   148.5   171.1   313.6   380.8   418.0   445.0   477.0   518.7   589.2   783.3  1622.5  7725.4  98498.3    98574
read      320.8   385.7    86.8   158.3   183.1   297.0   329.5   346.2   360.6   375.9   399.6   443.8   629.8  7657.6 10187.4   7530.3     7644
read      345.0   232.5    74.4   143.8   166.8   318.9   392.1   431.9   460.2   492.9   534.5   604.2   805.8  2292.0  8769.6  84392.3    84734
read      355.6   261.9    74.4   143.9   167.4   329.7   409.1   452.8   481.9   511.9   550.9   617.6   817.7  1771.2 12440.0  63261.3    63180
read      352.1   226.0    74.4   141.8   164.9   329.3   406.8   448.6   477.1   508.2   545.6   604.7   810.9  2080.9  7949.5  58203.7    58210
read      354.3   261.9    74.4   143.9   168.1   338.0   416.2   451.7   474.3   498.2   528.4   580.2   775.3  2155.6 12063.7  31875.3    31879
read      342.4   281.2    74.4   144.1   165.8   329.7   403.1   431.1   450.1   469.8   497.8   543.2   722.2  3626.7 11002.7  21718.7    21869
read      351.1   287.3    74.4   142.9   166.7   333.5   414.1   452.8   476.1   498.6   527.5   575.5   728.0  2697.5 12663.7  31936.3    31852
read      352.8   259.1    74.4   140.3   163.5   330.7   408.4   447.8   473.4   501.0   536.3   593.8   854.9  1858.6 11828.0  44813.0    44816
read      340.5   227.5    74.4   144.5   167.9   314.3   384.4   423.0   450.9   483.8   527.1   599.7   807.3  1604.8  8676.9  91741.0    91724
read      340.8   264.9    80.4   151.4   173.6   337.9   393.0   416.9   432.2   451.3   472.5   511.1   646.7  3581.7 10384.7  16131.3    16058
read      343.6   262.0    80.4   143.3   166.8   327.2   404.3   440.8   463.0   486.9   513.1   556.5   714.1  1430.2 11542.6  29402.0    29385
read      323.8   331.2    80.4   158.9   184.9   310.4   345.1   364.2   377.3   395.1   419.6   468.7   622.2  4616.8 12156.2   8626.7     8586
read      384.0   282.8    80.4   149.2   176.6   361.9   441.8   481.8   507.7   539.7   583.8   669.7   923.6  1955.8  9436.2  44148.0    44380
read      349.8   228.7    74.4   144.4   167.8   322.0   396.3   436.7   466.2   500.5   542.9   618.1   853.9  2077.1  8074.9  78304.0    78149
read      352.8   238.9    74.4   144.8   168.3   328.5   404.5   447.0   475.4   505.9   542.3   605.7   826.5  1872.0  8076.1  64530.3    64859
read      357.0   296.3    74.4   141.5   164.3   329.3   407.6   451.4   481.0   512.5   549.3   620.1   916.0  2575.8  9775.1  54195.0    54147
read      352.1   205.9    74.4   142.2   165.2   328.0   408.0   452.0   480.7   510.1   547.9   616.1   851.3  1443.3  7837.8  56657.7    56801
read      337.6   279.8    80.4   147.5   170.0   332.7   385.2   407.2   423.3   441.1   467.9   517.1   746.3  3845.8  9147.9  14914.7    14851
read      346.3   225.9    74.4   142.2   164.7   314.6   390.0   431.7   462.3   497.3   543.8   632.0   909.1  2070.5  8054.1  83763.3    84118
read      351.3   228.6    74.4   142.0   165.0   323.2   401.3   444.3   473.5   506.3   546.9   622.4   888.9  1865.4  8581.4  69371.3    69637
read      344.9   233.2    74.4   143.9   166.7   315.4   388.6   429.2   459.0   494.2   538.9   618.6   874.0  1707.0  8608.4  88920.3    89161
read      343.7   224.3    74.4   142.0   164.3   314.0   387.6   428.3   457.8   492.2   537.6   621.6   896.0  1881.2  7741.5  85319.3    85361
read      353.6   248.4    74.4   139.3   162.2   325.4   404.6   448.7   478.6   509.5   548.9   626.8   922.0  1821.3  7994.9  59857.3    60028
read      314.2   367.7    93.8   165.8   189.1   284.2   314.9   333.5   346.6   368.1   395.9   447.6   786.4  6461.6 13225.9   5666.3     5656
read      331.0   273.6    86.8   159.3   184.1   318.3   357.1   376.1   392.4   411.4   440.3   504.6   822.1  4789.3  9093.9  10455.0    10596
read      345.2   223.3    80.4   151.8   176.9   334.0   392.1   418.7   435.7   459.8   491.8   548.8   782.0  2786.6  7435.0  18480.0    18395
read      345.0   225.1    74.4   141.3   164.1   317.0   392.1   433.5   462.7   496.0   538.7   618.0   861.5  2053.4  7237.5  78685.3    78911
read      356.9   264.4    74.4   140.9   163.9   332.0   414.3   456.1   483.1   510.5   545.5   613.2   878.5  1875.1 12325.2  44694.3    44528
read      341.6   220.7    74.4   142.7   165.2   311.4   383.9   425.0   455.5   491.4   538.0   618.8   857.6  1938.1  7998.4  91337.3    91315
read      345.7   256.4    74.4   145.7   169.0   318.7   390.9   431.4   460.3   493.0   533.7   599.4   799.9  2306.0  9349.2  85905.0    85780
read      344.2   215.1    74.4   141.7   164.7   320.1   396.0   437.3   466.1   498.0   537.2   601.9   796.3  1485.2  8073.3  74366.0    74204
read      342.8   226.8    74.4   143.2   165.3   316.7   389.7   429.5   458.3   491.8   534.3   604.2   802.8  2071.9  8530.3  85300.0    85027
read      353.9   240.0    74.4   140.1   162.9   330.9   410.1   452.1   479.7   509.6   546.7   612.6   848.3  1713.7 10896.6  48102.0    47835
read      343.0   229.1    74.4   145.0   167.7   315.1   387.1   427.2   456.1   489.6   532.9   608.5   835.2  1721.0  9249.1  91301.3    91727
read      342.4   216.2    74.4   143.0   166.1   318.3   392.5   432.6   461.0   492.4   531.7   595.9   792.6  1351.7  9668.9  76920.3    77207
read      325.8   486.5    80.4   150.9   172.5   308.5   344.2   363.8   376.9   393.6   414.7   453.6   576.0  6785.5 15838.5  10248.3    10312
read      343.8   221.7    74.4   140.6   163.0   315.9   391.0   432.4   462.4   496.4   540.3   618.5   841.6  1834.4  8075.8  78233.7    78633
read      339.6   316.2    80.4   138.7   161.4   319.7   395.1   430.7   452.5   474.7   501.4   543.3   718.0  3693.1 11544.2  29578.7    29702
read      314.0   216.7    80.4   144.9   165.2   313.8   359.5   379.9   393.5   408.7   432.0   472.2   596.7  3655.7  7589.7  12742.7    12631
read      315.8   310.0    86.8   151.3   174.5   306.5   343.6   362.9   375.6   392.5   415.0   464.4   625.8  3977.3 15070.0   9959.0     9988
read      372.1   240.4    74.4   143.7   169.3   348.1   428.8   469.4   497.7   530.3   574.6   662.4   899.4  2044.2  8041.2  53791.3    53794
read      327.4   404.9    86.8   154.6   178.5   314.2   353.9   372.9   387.4   402.2   425.1   464.6   634.6  7571.8 16222.1  10665.7    10551
read      339.7   324.1    80.4   150.0   175.0   329.5   382.4   406.0   424.0   444.2   470.1   521.0   692.1  3348.6 16315.8  16316.3    16344
read      342.0   214.2    74.4   144.0   166.6   316.2   386.8   426.6   455.3   488.8   532.9   607.9   816.8  1873.4  7801.7  91319.3    91572
read      341.1   279.4    74.4   138.5   160.8   319.5   397.9   436.2   460.6   487.3   518.8   572.5   733.5  2557.8 11818.7  31056.3    31099
read      359.7   404.9    74.4   144.6   168.0   333.8   412.4   447.0   468.1   492.7   524.0   582.8   806.7  5440.2 19417.2  24736.0    24735
read      343.3   268.2    80.4   140.4   162.8   322.2   401.1   439.6   463.0   489.2   520.9   575.5   746.5  2096.7 12364.2  30510.3    30356
read      343.0   246.9    74.4   142.6   165.5   316.2   388.9   429.3   457.7   490.6   532.8   604.6   827.2  2190.0  9036.6  83164.3    83299
read      340.7   230.1    74.4   139.1   161.5   316.5   391.1   431.3   460.1   491.7   530.6   595.5   799.7  1532.8  8058.6  75792.3    75800
read      335.8   325.0    80.4   145.8   166.7   326.6   388.7   414.1   430.3   449.8   471.6   513.2   651.3  3620.2 15475.3  17730.3    17589
read      332.1   318.1    80.4   145.2   166.6   328.2   386.0   409.1   425.0   442.8   466.2   504.3   633.4  4085.8 12807.7  18173.0    18062
read      342.8   224.6    74.4   145.7   169.0   317.9   387.9   426.2   453.9   486.5   529.5   606.9   817.6  1534.0  8014.0  88868.7    89032
read      342.5   269.6    74.4   145.4   168.3   316.9   387.0   426.1   454.4   487.0   528.7   599.4   799.6  1378.3 12114.4  90803.3    90751
read      311.7   190.4    80.4   145.1   166.3   312.5   358.3   379.7   393.7   409.6   431.4   468.1   576.2  1882.2  8835.3  12693.3    12695
read      350.3   280.6    74.4   139.9   162.9   329.0   405.7   444.4   468.1   495.6   529.4   586.1   776.6  3256.5 12440.5  34881.7    34860
read      354.4   197.9    80.4   141.4   164.8   331.0   409.6   452.5   481.2   511.9   549.3   622.2   851.5  1815.6  7119.3  62409.7    62294
read      339.3   191.8    74.4   142.8   165.6   315.6   388.2   427.2   455.2   487.4   529.0   599.1   799.9  1261.2  7869.9  87507.7    87695
read      345.6   240.3    74.4   138.9   161.3   323.6   400.1   441.5   468.4   496.9   532.1   588.0   786.5  1708.6 11030.3  50349.3    50473

Total QPS = 52347.8 (94226112 / 1800.0s)

Total connections = 64
Misses = 0 (0.0%)
Skipped TXs = 0 (0.0%)

RX 23273849170 bytes :   12.3 MB/s
TX          0 bytes :    0.0 MB/s
Warning! Detected max cpu usage > 95%
CPU Usage Stats (avg/min/max): 99.67%,1.01%,100.00%
