#type       avg     std     min      p5     p10     p50     p67     p75     p80     p85     p90     p95     p99    p999   p9999     QPS   target
read     5848.0  8255.0   202.4   380.3  2994.5  3266.4  3789.2  3902.1  3972.6  4043.2 12150.4 4000.0 35981.1 40442.6 46892.8   5037.2     5000
read     3129.0  3759.9   173.5   320.9   368.2  3308.7  3454.4  3782.2  3850.0  3917.7  3985.5  4053.3 29151.5 37463.7 54662.7  10088.8    10000
read     2422.2  3672.6   187.4   301.4   350.6  2993.3  3313.0  3399.2  3453.1  3665.7  3881.3  4016.8 28753.6 36871.6 43746.5  14904.2    15000
read     2113.3  4046.5   173.5   306.4   359.2   687.1  3052.6  3298.2  3376.7  3455.2  3686.1  3982.3 30358.5 37856.1 51354.6  19883.8    20000
read     1869.7  3892.6   173.5   310.8   362.5   692.4   977.4  3128.4  3325.9  3436.6  3645.3  4387.5 30358.3 37620.8 47378.9  25157.8    25000
read     1705.5  3602.4   173.5   315.3   368.5   695.2   922.8  1228.3  3261.8  3402.9  3610.8  4724.2 28802.2 36771.0 43064.0  29953.0    30000
read     1855.0  3563.2   173.5   395.8   477.7   797.1  1107.5  1342.6  1604.2  3539.4  4516.9  5261.2 25301.6 35849.5 41696.0  34923.4    35000
read     2333.1  3927.7   255.0   619.5   675.7   954.1  1432.0  1687.8  4502.5  4828.4  5198.6  5940.8 29289.9 37115.3 49236.4  33883.4    40000
read     2271.0  3956.2   218.6   608.6   658.5   896.9  1357.1  1554.2  1876.1  4720.1  5264.6  8615.5 28444.2 36947.1 54783.0  34639.4    45000
read     2384.3  3858.5   202.4   645.4   704.4   986.1  1519.8  1835.9  4585.8  4990.8  5427.3  6550.9 29278.6 36697.8 45795.4  32757.2    50000
read     2354.9  3998.8   218.6   634.7   688.6   949.2  1413.5  1621.9  3147.2  4805.5  5352.7  8716.9 29561.0 36918.5 44790.7  33407.6    55000
read     2332.0  4062.0   187.4   627.3   675.4   922.9  1407.2  1596.0  3145.3  4761.9  5273.0  8577.0 29463.9 37281.8 54284.2  34110.8    60000
read     2376.2  3822.8   236.1   650.0   707.2   989.3  1536.5  2018.4  4626.8  4904.7  5205.9  5661.9 29065.7 37023.6 50388.4  33040.2    65000
read     2302.6  3983.1   202.4   617.6   668.3   914.4  1394.6  1604.7  4444.3  4748.0  5205.5  8241.0 29361.9 37065.9 56705.0  34486.6    70000
read     2366.2  3841.3   255.0   647.2   701.6   968.6  1489.6  1740.8  4523.6  5011.0  5515.7  6806.5 28558.2 36783.9 47105.0  33090.6    75000
read     2314.8  4006.5   218.6   622.0   675.6   919.6  1406.0  1605.0  4444.1  4785.6  5214.0  8293.0 30224.4 37231.8 50793.1  34283.2    80000
Warning! Detected max cpu usage > 95%
CPU Usage Stats (avg/min/max): 71.35%,2.50%,100.00%
#type       avg     std     min      p5     p10     p50     p67     p75     p80     p85     p90     p95     p99    p999   p9999     QPS   target
read     3665.6  4613.4   202.4   380.8   425.4  3179.4  3381.5  3793.0  3863.3  3933.7  4004.0  4119.3 31439.9 37877.0 43913.3   5023.6     5000
read     2852.9  2553.3   173.5   323.1   381.0  3293.2  3445.3  3772.8  3839.5  3906.2  3972.9  4039.6  5529.6 32480.8 43714.4   9956.6    10000
read     2241.2  2830.9   173.5   312.5   363.3  2630.7  3312.2  3401.5  3457.3  3694.8  3878.1  4004.9  6826.1 32385.4 39302.5  14996.4    15000
read     1804.4  2889.4   173.5   302.0   352.2   684.2  2518.4  3265.8  3346.5  3427.2  3589.1  3937.1  5961.7 35259.2 42402.7  20023.6    20000
read     1837.2  3724.4   173.5   309.0   363.9   699.7  1004.8  3109.4  3314.6  3420.4  3604.5  4723.2 30136.2 36615.0 43717.6  24917.6    25000
read     1698.8  3542.3   173.5   317.9   372.5   707.2   949.0  1270.7  3264.5  3401.1  3612.4  4595.6 27673.3 37271.3 46017.5  30005.8    30000
read     1508.3  3115.8   173.5   321.0   373.6   682.7   894.6  1094.9  1631.4  3345.4  3542.8  4224.4  6639.0 36957.3 47418.4  34929.6    35000
read     2386.7  4059.0   187.4   648.3   704.5   954.5  1437.3  1666.5  4438.3  4834.3  5322.4  8601.7 30176.8 37029.4 47506.8  33115.0    40000
read     2286.9  3932.0   202.4   615.5   669.7   915.4  1386.9  1585.9  4412.0  4748.4  5207.9  8327.0 29093.4 37160.8 47661.2  34432.4    45000
read     2390.7  3875.8   202.4   659.4   718.0   992.5  1503.5  1781.1  4566.9  4984.6  5499.0  6845.5 28365.5 37250.8 47674.7  32708.8    50000
read     2260.3  3928.1   255.0   597.7   650.3   907.6  1350.2  1553.7  4400.5  4727.4  5154.6  8251.3 28484.4 37748.0 47642.9  34989.2    55000
read     2270.4  3914.9   255.0   609.0   659.8   911.8  1389.6  1610.6  4498.8  4783.8  5137.1  5606.6 29676.4 37253.5 50383.1  34999.4    60000
read     2261.0  3765.9   218.6   610.4   662.0   928.7  1412.2  1653.9  4466.4  4867.1  5296.0  6089.8 28395.6 37025.0 46073.2  34662.2    65000
read     2309.8  3842.4   202.4   615.6   672.3   955.1  1432.3  1677.4  4470.4  4924.2  5405.5  6561.1 29179.1 36967.1 49530.7  33975.8    70000
read     2255.6  3986.8   202.4   597.3   645.4   886.0  1347.1  1512.6  1885.6  4703.2  5185.7  8445.9 29650.4 37075.2 47074.9  35243.0    75000
read     2352.3  3893.1   236.1   640.5   695.4   974.0  1471.0  1744.4  4514.0  4942.4  5404.5  6663.7 29150.5 37364.4 49900.2  33490.0    80000
Warning! Detected max cpu usage > 95%
CPU Usage Stats (avg/min/max): 70.95%,1.02%,100.00%
#type       avg     std     min      p5     p10     p50     p67     p75     p80     p85     p90     p95     p99    p999   p9999     QPS   target
read     3345.0  3219.0   218.6   445.4   488.3  3156.7  3296.5  3792.9  3860.9  3928.9  3996.9  4064.9 21518.4 35880.0 46476.3   4966.0     5000
read     2944.5  2142.0   187.4   335.1   416.5  3329.3  3498.1  3835.2  3889.4  3943.6  3997.7  4051.9  5490.6 30710.9 36378.8   9976.0    10000
read     2146.0  2070.6   187.4   307.1   363.2  3004.8  3290.7  3388.0  3448.8  3760.9  3883.7  3998.7  4337.3 30375.5 36657.2  14924.4    15000
read     1739.9  2087.9   173.5   302.4   354.3   678.3  3059.7  3272.3  3356.5  3440.7  3771.1  3956.5  4376.7 31078.4 37305.1  19882.6    20000
read     1666.3  2897.6   173.5   304.0   354.0   687.8   981.2  3104.9  3291.3  3395.3  3547.0  4003.4  5960.8 35968.5 48244.6  25045.6    25000
read     1620.2  3243.6   173.5   319.3   370.8   703.7   910.9  1222.7  3234.1  3367.0  3525.2  4064.7 12152.8 36663.1 49314.0  30010.4    30000
read     1494.9  2968.8   173.5   323.3   377.1   691.0   902.0  1080.0  2167.5  3338.1  3521.4  4089.8  6724.7 35993.1 50831.6  34898.4    35000
read     2341.3  3986.9   187.4   642.5   698.4   937.3  1427.7  1649.2  4447.0  4777.8  5212.6  8318.6 29933.6 37348.1 46960.2  33745.0    40000
read     2260.9  3896.7   218.6   604.9   655.6   911.3  1355.9  1530.8  2094.6  4726.5  5215.6  8488.5 28097.0 37285.2 48599.0  34794.4    45000
read     2357.9  3859.7   218.6   656.8   712.3   968.7  1494.8  1737.6  4520.6  4930.4  5401.0  6782.4 28233.2 37449.0 54622.3  33249.8    50000
read     2359.9  4094.3   202.4   625.9   682.8   944.5  1413.4  1630.0  4468.5  4842.2  5241.5  8377.0 30302.5 37610.0 51517.2  33733.3    55000
read     2320.0  3737.8   218.6   641.5   697.0   974.3  1484.1  1872.0  4585.8  4855.7  5145.9  5574.2 26934.4 37550.9 49851.3  33657.0    60000
read     2302.5  3747.4   218.6   626.7   686.6   967.3  1453.8  1708.0  4476.6  4924.4  5438.9  6750.4 26956.1 36779.2 51689.2  33775.2    65000
read     2227.3  3894.1   202.4   595.7   643.4   893.2  1349.9  1539.0  4439.6  4725.0  5113.8  5706.9 29238.6 37084.7 50155.5  35618.8    70000
read     2315.0  3784.9   218.6   624.2   687.3   976.6  1457.6  1728.4  4493.7  4919.6  5368.0  6487.6 28081.1 37001.5 49491.0  33766.4    75000
read     2355.1  4005.0   236.1   633.3   690.2   944.5  1424.3  1639.6  4461.8  4824.0  5240.1  8354.4 29984.1 37138.1 44653.6  33713.4    80000
Warning! Detected max cpu usage > 95%
CPU Usage Stats (avg/min/max): 71.61%,1.51%,100.00%