#type       avg     std     min      p5     p10     p50     p67     p75     p80     p85     p90     p95     p99    p999   p9999     QPS   target
read      440.9   448.3   187.4   269.4   293.2   407.4   447.5   468.4   484.9   502.7   529.2   577.0  1034.6  7816.5 16586.4   5028.2     5000
read      496.5   538.3   187.4   260.3   287.1   472.3   539.1   571.6   593.2   621.1   654.6   712.7  1151.6  5026.6 35132.5   9977.6    10000
read      521.6   365.4   187.4   257.6   286.9   499.6   586.8   629.1   658.3   690.1   732.0   796.3  1058.0  4410.9 14528.6  14961.4    15000
read      519.5   333.0   173.5   250.6   277.3   485.5   587.1   639.6   677.0   718.7   769.9   848.6  1074.2  4042.4 12939.2  19909.4    20000
read      530.8   418.4   173.5   242.9   268.5   492.0   594.0   652.3   692.0   737.8   795.7   880.1  1132.8  4778.3 16103.3  24830.6    25000
read      524.6   296.8   173.5   243.9   268.8   490.1   591.7   650.8   694.4   745.5   811.4   912.6  1133.5  2604.3 13955.0  29861.4    30000
read      522.4   400.5   173.5   238.0   260.5   473.7   583.0   644.6   690.7   744.4   812.5   916.1  1243.7  3768.9 18017.5  35025.0    35000
read      520.2   338.0   173.5   241.3   264.0   478.8   586.3   647.6   691.8   742.7   812.3   919.8  1180.0  2747.7 12753.8  40032.4    40000
read      541.1   310.6   173.5   245.5   271.5   506.1   609.7   667.3   709.9   762.0   835.7   947.1  1284.0  3101.2  9883.0  44769.0    45000
read      553.6   345.7   173.5   253.6   282.5   522.4   622.0   676.2   716.9   766.6   836.5   944.5  1271.3  2988.1 12637.3  50075.5    50000
read      532.5   316.0   173.5   251.8   278.7   491.0   595.4   653.1   695.2   748.3   821.8   930.9  1203.7  2620.7 13195.6  55125.2    55000
read      583.9   378.7   173.5   272.1   307.2   536.9   640.8   707.2   758.1   820.7   899.8  1015.4  1290.2  3598.2 14578.3  60106.2    60000
read      569.4   285.8   173.5   280.2   315.1   524.2   625.2   688.6   739.9   802.4   877.2   991.2  1227.9  2146.2 10474.1  64765.0    65000
read     1017.1   556.4   173.5   611.2   666.1   870.3  1009.0  1273.3  1398.8  1490.5  1578.4  1688.7  1875.9  5375.9 23697.6  64592.2    70000
read     1024.7   570.6   187.4   620.3   670.8   866.3  1015.3  1304.3  1415.6  1499.7  1578.0  1680.3  1863.3  7972.0 20473.5  64673.9    75000
read     1001.9   482.3   173.5   605.4   657.2   853.8  1006.8  1284.8  1389.1  1471.7  1555.1  1655.5  1844.7  5264.3 16933.7  65687.9    80000
Warning! Detected max cpu usage > 95%
CPU Usage Stats (avg/min/max): 72.11%,2.49%,100.00%
#type       avg     std     min      p5     p10     p50     p67     p75     p80     p85     p90     p95     p99    p999   p9999     QPS   target
read      456.3   712.0   187.4   274.4   300.1   412.8   454.0   475.1   491.4   507.6   534.9   579.9  1071.7  8597.6 33507.2   4977.6     5000
read      522.3   386.5   187.4   263.2   293.2   503.0   575.8   611.6   635.1   664.7   699.0   755.8  1137.8  6740.9 12430.4  10058.8    10000
read      542.0   466.7   187.4   258.1   288.5   517.7   614.8   661.1   690.8   727.3   771.9   840.5  1043.5  6907.7 18263.2  15081.6    15000
read      543.9   405.7   173.5   247.5   275.1   511.9   615.4   670.9   708.7   750.1   806.1   893.2  1159.4  4923.4 19022.1  19882.6    20000
read      552.1   387.1   173.5   245.3   271.3   516.1   623.0   683.1   727.9   780.6   845.7   944.1  1193.8  5016.5 12834.9  25014.8    25000
read      559.5   403.2   173.5   248.0   275.3   526.6   627.9   686.3   731.1   784.0   850.3   950.3  1202.4  4657.4 15557.7  29912.2    30000
read      545.6   405.2   173.5   244.8   268.8   496.0   610.6   674.9   723.8   784.1   859.1   974.0  1242.6  4614.3 13473.9  34919.8    35000
read      548.4   379.6   173.5   243.2   268.0   506.9   614.7   674.6   721.9   781.9   860.2   983.9  1280.7  4052.6 15263.1  40027.8    40000
read      558.7   387.9   173.5   248.3   273.9   507.0   620.9   686.6   736.0   797.2   875.3  1006.3  1355.8  4760.9 13844.9  45008.0    45000
read      556.8   367.2   173.5   256.6   284.4   515.9   622.0   680.9   726.4   782.2   855.9   982.0  1280.9  3073.7 16386.6  50033.3    50000
read      555.9   385.6   173.5   256.7   285.0   510.7   618.6   678.8   725.5   783.5   859.3   978.1  1254.2  4044.4 15323.6  54996.4    55000
read      598.9   364.9   173.5   276.4   313.5   554.6   659.5   723.2   772.5   833.7   914.7  1038.4  1369.2  3856.6 13124.7  59935.2    60000
read      885.0   478.9   173.5   393.8   488.5   791.3   879.8   977.0  1179.9  1380.9  1489.0  1598.0  1765.6  3952.7 17198.4  64590.0    65000
read     1008.3   520.4   187.4   630.9   676.5   848.7   962.3  1304.6  1418.6  1500.5  1575.5  1671.9  1842.0  6345.6 18539.3  65117.6    70000
read     1053.6   560.3   173.5   670.3   718.3   891.4   990.5  1299.4  1484.8  1574.9  1660.1  1745.1  1936.1  7498.3 20063.6  62803.8    75000
read     1032.2   553.9   202.4   652.6   701.2   871.4   978.3  1265.8  1438.8  1536.7  1617.8  1719.0  1895.8  7493.6 19469.6  64166.2    80000
Warning! Detected max cpu usage > 95%
CPU Usage Stats (avg/min/max): 71.71%,2.00%,100.00%
#type       avg     std     min      p5     p10     p50     p67     p75     p80     p85     p90     p95     p99    p999   p9999     QPS   target
read      457.5   618.6   187.4   275.4   301.6   419.9   459.7   481.3   497.4   515.5   540.7   582.0   994.4  9143.0 17247.3   4997.4     5000
read      510.3   451.7   187.4   262.3   291.0   487.5   557.0   591.9   617.9   645.8   686.5   742.3  1065.4  4936.0 17309.8  10012.8    10000
read      531.0   431.3   173.5   245.6   271.0   494.6   590.5   638.9   673.1   711.0   756.3   836.1  1384.9  7100.1 14567.6  15131.2    15000
read      533.7   392.7   173.5   245.5   273.3   499.9   600.5   656.4   693.2   736.1   792.9   878.1  1156.2  4257.8 15362.0  20028.4    20000
read      539.1   426.3   173.5   244.3   269.5   494.3   601.9   662.5   705.7   754.4   817.0   909.9  1182.1  5577.6 14924.1  25010.2    25000
read      535.8   427.1   173.5   243.5   268.1   488.6   597.7   662.8   708.9   764.2   835.2   936.5  1175.7  4220.6 16570.6  30153.8    30000
read      531.1   365.1   173.5   243.5   266.2   481.4   593.1   660.3   709.5   768.3   843.3   953.2  1181.4  3769.7 16565.4  35010.0    35000
read      516.1   393.0   173.5   239.5   261.4   464.5   574.7   639.8   687.2   743.4   816.5   919.3  1151.5  4027.5 15663.4  40028.0    40000
read      533.8   321.8   173.5   246.3   271.2   489.7   597.3   659.5   706.2   761.6   836.7   953.5  1222.6  3228.8 10714.1  44875.6    45000
read      547.9   320.0   173.5   253.5   282.5   518.2   616.1   670.8   712.5   763.5   832.2   938.9  1211.2  2557.5 13650.4  50046.4    50000
read      533.3   323.4   173.5   252.3   278.5   486.2   592.6   654.3   700.3   757.1   833.3   945.8  1236.3  2426.6 12437.6  54998.2    55000
read      587.9   343.5   173.5   272.9   308.1   548.1   648.7   707.7   751.2   807.7   888.3  1023.3  1420.1  2679.6 13566.7  59701.1    60000
read      822.2   491.1   187.4   367.6   449.1   734.9   852.6   969.6  1093.6  1224.2  1346.6  1477.3  1705.3  4531.3 19824.3  65076.2    65000
read     1009.4   586.6   173.5   613.2   666.6   857.2   987.8  1270.9  1401.7  1492.6  1575.1  1679.9  1858.6  5921.8 21568.9  64983.4    70000
read      994.0   511.3   187.4   613.2   661.5   836.5   970.8  1299.0  1401.7  1473.8  1549.5  1637.2  1818.1  4670.2 19539.2  66163.2    75000
read     1036.8   536.4   187.4   646.4   700.5   882.2   999.7  1274.5  1441.1  1541.5  1627.3  1723.7  1903.6  5999.0 19780.2  63655.4    80000
Warning! Detected max cpu usage > 95%
CPU Usage Stats (avg/min/max): 70.55%,1.50%,100.00%