#type       avg     std     min      p5     p10     p50     p67     p75     p80     p85     p90     p95     p99    p999   p9999     QPS   target
read     3300.8  2506.1   202.4  1093.3  1143.5  3157.5  3308.5  3788.3  3854.5  3920.7  3986.9  4053.2 15032.9 32330.2 40595.9   4989.2     5000
read     2966.3  1896.4   187.4   344.2   420.2  3339.1  3488.9  3827.5  3881.1  3934.7  3988.3  4041.9  4389.0 30324.4 35856.1   9922.0    10000
read     2180.0  1996.5   187.4   320.8   380.5  2747.0  3310.3  3407.4  3468.1  3799.0  3900.4  4001.7  4282.4 27659.8 40482.9  14965.2    15000
read     1758.4  2180.6   173.5   314.0   370.7   716.8  3017.1  3282.1  3359.9  3437.7  3673.3  3948.1  5406.4 31592.0 37454.2  20009.4    20000
read     1768.5  3387.8   173.5   317.5   374.3   731.8  1007.1  3070.6  3318.3  3430.1  3629.0  4127.0 20079.3 36433.5 43283.2  24946.1    25000
read     1522.8  2533.4   173.5   327.3   383.4   722.5   958.2  1304.2  3262.1  3398.6  3611.7  4051.4  5749.9 32227.3 37898.7  29978.6    30000
read     2345.9  3986.4   187.4   624.7   680.0   929.8  1436.6  1678.8  4423.3  4826.9  5242.4  8536.3 29393.0 36868.3 54810.6  33154.2    35000
read     2389.6  3941.2   218.6   635.2   696.6   961.0  1481.0  1780.6  4555.7  4919.9  5303.0  8240.5 29110.9 37032.4 43200.3  32876.8    40000
read     2496.7  4760.2   236.1   654.8   711.6   964.1  1504.1  1750.8  4504.5  4921.6  5394.8  8762.6 30347.3 41090.6 102964.3  32217.8    45000
read     2133.3  3715.6   202.4   561.0   604.0   844.5  1291.9  1459.6  3913.3  4682.9  5137.1  5591.0 25468.4 36892.1 43021.3  36733.4    50000
read     2349.1  3771.3   255.0   646.2   697.6   975.3  1496.6  1826.2  4585.7  4971.4  5406.2  6473.3 25066.2 37427.5 51113.6  33037.2    55000
read     2350.3  3831.4   236.1   621.3   674.1   959.0  1467.6  1811.8  4576.3  4915.4  5262.1  5892.1 28316.2 37035.9 44404.3  33473.0    60000
read     2392.6  3745.7   236.1   647.8   711.2  1011.7  1529.3  1873.6  4567.5  4997.0  5479.3  6746.9 26187.6 36822.8 43188.2  32355.0    65000
read     2373.7  3939.0   218.6   636.1   696.8   960.0  1479.1  1749.5  4538.6  4894.5  5263.5  8220.1 28488.8 37099.1 60009.2  33113.0    70000
read     2339.9  3965.5   202.4   627.3   681.9   926.9  1441.0  1675.9  4465.6  4861.9  5294.9  7726.2 28839.0 37427.4 51078.0  33728.8    75000
read     2209.4  3657.2   202.4   601.5   651.8   900.2  1403.7  1598.2  4281.7  4816.0  5280.5  6420.4 23103.9 36511.7 51042.8  35060.6    80000
Warning! Detected max cpu usage > 95%
CPU Usage Stats (avg/min/max): 72.16%,0.51%,100.00%
#type       avg     std     min      p5     p10     p50     p67     p75     p80     p85     p90     p95     p99    p999   p9999     QPS   target
read     3312.1  2456.1   218.6  1219.3  1269.3  3176.0  3363.8  3775.3  3844.3  3913.4  3982.4  4051.4 13841.1 31978.6 39453.4   5000.6     5000
read     2972.4  1950.7   187.4   344.9   417.1  3335.5  3482.1  3818.0  3875.3  3932.6  3989.9  4047.2  5412.9 30127.1 34018.7   9959.0    10000
read     2248.2  1910.7   187.4   319.7   374.8  3052.0  3348.3  3438.4  3531.4  3826.5  3922.9  4019.3  4347.4 25670.0 34020.4  15048.9    15000
read     1854.7  2400.4   173.5   323.0   382.3   775.9  3072.9  3302.3  3385.6  3469.0  3819.3  3997.1  5721.5 32157.6 40518.6  19964.8    20000
read     1750.1  3048.1   173.5   326.8   386.8   743.3  1112.1  3160.9  3323.2  3431.2  3671.9  4063.5  8062.4 35315.3 40780.2  24894.6    25000
read     1516.4  2568.8   173.5   328.1   384.2   726.1   958.8  1301.7  3208.0  3356.8  3487.7  4028.2  5791.9 32520.8 39764.1  29908.8    30000
read     1494.6  2284.8   187.4   350.6   413.1   742.2   993.7  1245.4  1856.1  3377.3  3817.8  4710.0  7766.4 31884.5 38368.9  34863.6    35000
read     2267.6  3759.9   202.4   607.8   660.4   921.9  1402.0  1621.1  4446.5  4828.7  5212.2  8151.3 25942.7 36646.8 43293.7  34239.2    40000
read     2324.4  3607.5   218.6   652.9   708.9   972.3  1531.7  1898.7  4573.1  4979.5  5417.7  6292.9 20447.6 36417.5 48059.3  33009.1    45000
read     2277.1  3466.8   218.6   647.7   701.7   942.9  1492.9  1773.7  4532.3  4980.5  5469.5  6580.3 16470.0 35423.2 40877.7  33355.6    50000
read     2298.2  3590.0   218.6   645.2   703.3   975.4  1517.8  1840.8  4534.8  4947.4  5392.7  6210.8 16285.4 36894.9 55544.3  33237.2    55000
read     2181.3  3490.0   218.6   598.9   652.7   929.3  1393.0  1609.5  4259.4  4861.7  5339.4  6312.0 12534.7 36809.5 49120.0  34946.8    60000
read     2177.8  3428.4   218.6   601.1   654.9   917.5  1408.9  1632.5  4236.0  4896.9  5379.4  6437.6 12336.6 36050.0 49131.7  34759.2    65000
read     2356.4  3707.1   218.6   648.9   706.1   987.5  1518.6  1854.9  4606.4  5030.2  5539.2  6757.8 24713.3 36913.8 51914.5  32680.3    70000
read     2291.9  3746.2   202.4   627.4   678.2   923.0  1421.5  1618.6  4438.4  4841.4  5269.4  8514.6 24537.3 36755.2 48212.6  33783.0    75000
read     2247.9  3655.1   218.6   620.4   667.9   919.2  1415.7  1631.3  4488.2  4849.7  5171.2  5926.1 21215.6 36420.3 42749.0  34236.6    80000
Warning! Detected max cpu usage > 95%
CPU Usage Stats (avg/min/max): 73.51%,5.03%,100.00%
#type       avg     std     min      p5     p10     p50     p67     p75     p80     p85     p90     p95     p99    p999   p9999     QPS   target
read     3344.9  2512.2   236.1  1309.2  1356.7  3148.5  3230.2  3785.1  3853.3  3921.5  3989.7  4057.9 15192.5 32331.5 40465.4   4999.8     5000
read     3023.8  1916.9   173.5   345.4   419.1  3340.1  3635.2  3842.5  3895.2  3947.8  4000.4  4053.1  5173.9 30359.7 37913.6  10048.4    10000
read     2206.6  1916.9   187.4   317.2   376.7  3014.5  3309.8  3406.6  3467.1  3797.3  3903.0  4008.6  4348.4 25321.8 34473.3  15011.0    15000
read     1814.6  2329.3   173.5   311.6   367.0   734.3  3058.6  3279.2  3365.1  3451.1  3801.7  3981.2  5661.2 31978.9 39221.1  20073.0    20000
read     1691.1  2968.9   187.4   312.6   363.0   690.7  1070.4  3099.4  3296.3  3401.5  3568.8  4019.9  5948.7 35689.6 44076.0  24949.4    25000
read     1505.8  2601.4   173.5   320.4   373.3   695.0   911.1  1255.7  3224.7  3356.4  3482.5  4062.6  5819.6 32232.6 39142.0  30054.4    30000
read     2273.8  3731.1   202.4   615.3   679.2   930.9  1431.5  1661.7  4254.4  4809.4  5197.5  8276.0 24326.5 36561.0 44175.8  33337.1    35000
read     2376.4  3802.5   218.6   656.9   716.3   978.9  1504.5  1769.0  4517.9  4885.1  5293.2  8487.2 25121.6 37171.1 49610.8  32561.8    40000
read     2273.3  3693.3   218.6   630.3   682.6   929.0  1432.6  1647.6  4455.0  4829.0  5187.1  8222.8 21951.7 36729.4 47848.0  33845.0    45000
read     2264.2  3453.0   255.0   641.4   696.4   973.5  1486.3  1771.6  4470.4  4943.8  5419.9  6603.6 12393.2 36591.4 43150.8  33370.0    50000
read     2269.1  3447.8   255.0   634.8   692.0   987.4  1484.8  1804.4  4501.7  4950.2  5417.1  6466.9 12795.4 36108.5 45160.6  33303.2    55000
read     2164.1  3421.7   202.4   599.7   650.9   929.8  1377.1  1588.9  4441.4  4777.3  5113.7  5790.8 10232.7 36474.3 44176.1  34755.0    60000
read     2294.3  3698.2   236.1   632.4   686.4   945.9  1435.8  1669.6  4436.5  4835.3  5227.8  8435.9 21587.4 36714.2 47215.8  33560.8    65000
read     2130.1  3461.7   218.6   584.3   632.4   887.8  1327.0  1508.2  2324.0  4763.8  5148.5  8197.6 10184.8 36229.5 43348.1  35343.8    70000
read     2271.5  3434.6   236.1   643.1   700.5   965.0  1498.0  1809.9  4517.3  4948.7  5401.0  6566.9 14350.2 35819.1 43300.9  33303.4    75000
read     2197.7  3438.8   236.1   629.0   685.2   919.7  1428.5  1659.5  4461.4  4783.3  5100.0  5834.7 12301.4 36623.2 49617.6  34346.2    80000
Warning! Detected max cpu usage > 95%
CPU Usage Stats (avg/min/max): 70.20%,1.01%,100.00%