#type       avg     std     min      p5     p10     p50     p67     p75     p80     p85     p90     p95     p99    p999   p9999     QPS   target
read      451.4   592.6   187.4   269.4   295.4   411.5   450.8   471.1   489.5   508.2   537.8   585.8  1198.0  8580.0 28722.5   4993.8     5000
read      500.6   382.8   173.5   260.5   287.8   478.5   547.9   579.4   600.8   628.2   665.7   735.6  1281.8  4941.6 12917.9   9992.0    10000
read      514.3   373.9   173.5   255.2   284.5   488.8   577.1   619.4   647.5   681.8   727.0   801.4  1086.9  4378.4 13870.1  15069.8    15000
read      539.5   411.2   173.5   254.9   286.3   510.2   602.9   653.1   687.5   727.7   778.8   859.9  1085.6  4416.8 18152.8  19867.2    20000
read      539.8   358.1   173.5   249.2   276.9   507.9   606.1   662.9   702.5   746.4   805.8   900.6  1161.1  3775.1 15248.9  24949.2    25000
read      536.2   430.3   173.5   243.9   268.9   488.6   596.6   659.5   701.8   754.9   823.2   921.9  1234.6  5065.4 17560.6  30034.4    30000
read      535.3   400.1   173.5   243.4   268.7   496.3   599.3   659.8   703.6   753.6   820.6   927.0  1174.2  4710.6 17640.8  35018.8    35000
read      515.1   347.5   173.5   239.4   261.8   467.2   576.2   640.0   686.6   742.4   816.0   922.6  1157.4  3406.3 13448.1  39878.5    40000
read      534.6   379.8   173.5   245.1   269.6   492.8   598.2   658.9   702.1   754.9   828.7   937.6  1183.4  4250.2 13694.8  44891.0    45000
read      532.1   315.8   173.5   247.8   273.8   491.4   597.4   657.4   701.2   755.5   829.2   939.4  1183.5  2876.6 11330.5  49934.2    50000
read      545.8   338.4   173.5   251.7   279.1   493.8   600.3   664.7   713.7   776.3   861.5   993.9  1335.3  3122.6 12729.9  55109.2    55000
read      553.6   314.4   160.7   259.5   290.4   507.2   612.4   675.6   723.9   783.9   862.2   982.5  1287.8  2341.6 12070.6  60037.2    60000
read      927.4   536.1   187.4   486.7   571.6   806.8   931.1  1127.1  1277.1  1386.2  1477.7  1589.1  1787.4  5200.4 19068.7  64799.6    65000
read     1017.4   534.3   218.6   639.5   687.6   859.8   969.1  1286.4  1419.2  1510.4  1588.1  1689.2  1859.9  6720.3 19593.6  64696.2    70000
read     1063.6   594.1   187.4   667.9   722.1   908.9  1006.1  1237.9  1468.9  1580.0  1672.6  1773.8  1976.3  7691.5 24258.0  62276.8    75000
read     1041.3   548.7   187.4   648.2   703.4   887.4   992.8  1256.4  1446.7  1548.9  1634.8  1729.1  1906.8  7722.8 19062.8  63438.8    80000
Warning! Detected max cpu usage > 95%
CPU Usage Stats (avg/min/max): 71.76%,1.02%,100.00%
#type       avg     std     min      p5     p10     p50     p67     p75     p80     p85     p90     p95     p99    p999   p9999     QPS   target
read      451.0   603.5   187.4   271.5   297.2   403.4   445.0   467.1   484.1   502.8   530.5   576.3  1276.2 10121.0 20776.2   4973.8     5000
read      487.6   344.1   187.4   260.2   288.0   471.6   537.5   570.0   590.9   618.6   651.1   702.3   913.0  4640.6 12503.6  10031.8    10000
read      516.0   394.6   173.5   250.0   277.9   488.6   576.6   621.8   652.6   685.8   730.3   799.6  1093.5  5501.6 12215.3  14929.0    15000
read      516.1   329.3   173.5   242.9   269.6   481.3   585.8   640.8   676.5   717.4   769.1   850.3  1078.0  3657.1 12606.5  19940.0    20000
read      544.6   320.8   173.5   249.0   277.2   512.3   611.7   668.6   709.3   758.6   828.7   939.7  1164.5  3820.6 11845.5  25025.8    25000
read      529.6   475.0   173.5   240.5   264.1   479.2   590.3   653.7   696.6   749.3   816.7   916.8  1180.8  6047.2 25819.0  29999.6    30000
read      525.8   310.6   173.5   241.0   264.6   483.4   590.3   654.2   698.3   753.4   827.3   936.0  1174.0  3196.0  9810.3  34995.2    35000
read      541.5   362.3   173.5   243.5   268.4   510.3   613.7   672.0   715.1   766.6   835.5   943.3  1199.4  3726.0 16471.6  39978.0    40000
read      520.9   379.0   160.7   240.8   263.3   465.6   579.5   645.8   694.7   755.4   834.9   946.4  1217.8  3240.9 17289.3  44868.2    45000
read      547.3   326.1   173.5   243.8   270.9   501.8   613.8   677.7   726.5   786.9   867.4  1000.8  1299.5  2624.7 11987.4  49822.4    50000
read      571.8   354.5   173.5   252.2   281.7   513.5   629.3   697.2   749.1   817.7   908.4  1056.1  1526.1  3366.8 12384.6  54884.3    55000
read      549.2   317.4   173.5   257.7   287.1   499.8   605.8   670.8   721.8   785.8   864.3   984.1  1253.1  2689.4 10841.5  59909.0    60000
read     1029.6   551.3   187.4   642.5   695.8   874.9   992.8  1262.3  1426.9  1527.7  1611.0  1713.2  1893.6  5368.5 23330.9  63198.8    65000
read     1065.7   568.7   218.6   670.1   725.1   911.4  1011.1  1265.8  1467.6  1574.7  1670.4  1780.8  1993.9  5794.9 21220.3  62046.7    70000
read     1033.2   512.1   187.4   636.7   694.1   885.5  1004.0  1273.3  1427.9  1529.3  1616.1  1721.7  1926.3  4281.3 19325.2  63710.2    75000
read     1035.7   539.6   173.5   641.1   694.6   881.1  1004.9  1289.6  1435.3  1531.5  1610.5  1711.8  1884.5  6437.9 20384.7  63755.2    80000
Warning! Detected max cpu usage > 95%
CPU Usage Stats (avg/min/max): 70.96%,1.02%,100.00%
#type       avg     std     min      p5     p10     p50     p67     p75     p80     p85     p90     p95     p99    p999   p9999     QPS   target
read      469.5   535.6   187.4   277.1   304.6   420.1   461.4   484.7   501.2   521.8   546.8   600.3  2106.1  9163.2 16492.4   4975.8     5000
read      498.5   315.6   173.5   263.0   294.0   481.0   549.7   585.5   610.6   637.5   674.5   735.3   954.3  5550.0  9752.1   9956.8    10000
read      519.6   357.0   173.5   253.9   283.0   490.0   579.7   626.9   659.5   694.2   741.5   819.4  1059.1  5564.3 13497.9  14986.2    15000
read      523.6   477.6   173.5   240.8   267.1   482.5   588.7   644.0   681.2   723.6   776.6   858.5  1090.2  6519.8 23872.0  20077.4    20000
read      544.9   300.8   173.5   248.6   276.6   516.1   614.7   670.3   711.0   760.5   829.9   933.7  1153.8  3202.8 10115.0  25090.2    25000
read      540.8   342.0   173.5   244.4   270.5   504.5   611.8   671.9   715.3   769.5   842.7   949.6  1206.9  2947.1 11094.5  29952.0    30000
read      536.7   392.4   173.5   240.6   264.7   495.9   604.4   664.9   710.1   765.8   840.6   951.5  1230.6  3861.7 14071.3  34905.0    35000
read      531.4   312.3   173.5   242.2   266.2   496.3   602.3   661.2   704.0   756.7   829.7   937.7  1186.7  3187.9 10278.2  39877.0    40000
read      538.5   320.0   173.5   240.6   265.0   491.4   607.9   673.1   721.5   780.6   860.3   992.6  1258.9  2890.0 10509.6  45117.8    45000
read      546.9   361.7   173.5   244.7   271.6   500.1   612.3   674.7   722.4   781.4   860.0   983.7  1267.8  4100.7 14206.8  49843.2    50000
read      537.7   373.0   173.5   242.8   268.6   480.9   592.7   662.6   716.0   779.9   860.7   984.7  1298.2  3293.3 12123.2  54912.1    55000
read      528.1   310.8   173.5   252.2   278.8   478.3   584.7   647.9   698.0   759.1   834.8   940.5  1180.7  2609.4 10881.9  60065.0    60000
read      591.1   324.6   173.5   280.4   318.2   544.4   650.3   715.9   766.4   829.3   911.8  1040.3  1336.8  1884.0 12684.7  64831.6    65000
read     1006.1   525.9   173.5   610.6   664.4   852.8   988.0  1280.5  1403.3  1488.0  1568.3  1670.1  1862.0  5274.2 19934.6  65089.8    70000
read      965.8   539.4   187.4   600.4   646.6   807.2   933.8  1269.0  1360.3  1430.9  1495.4  1585.3  1738.3  4727.3 21434.5  67984.8    75000
read     1040.6   508.3   187.4   651.3   704.8   889.4   994.4  1255.6  1447.2  1549.0  1635.4  1729.2  1924.3  6598.0 17371.0  63393.8    80000
Warning! Detected max cpu usage > 95%
CPU Usage Stats (avg/min/max): 70.45%,1.00%,100.00%