#type       avg     std     min      p5     p10     p50     p67     p75     p80     p85     p90     p95     p99    p999   p9999     QPS   target
read      580.3  1469.5   202.4   279.5   314.8   441.6   487.8   513.5   535.0   560.6   597.6   679.2  4243.8 30234.7 39081.4   4981.4     5000
read      612.9  1246.9   173.5   252.7   280.9   498.8   585.1   629.5   661.7   699.1   748.5   841.8  3760.2 30036.1 32470.9  10035.4    10000
read      592.4   838.7   173.5   243.3   268.6   511.0   623.6   682.6   724.7   773.2   834.8   927.2  2456.2  8379.3 31793.9  14913.7    15000
read      638.8   921.9   173.5   243.4   269.3   537.7   663.5   737.4   793.2   858.7   936.8  1061.4  3390.9  8763.0 35976.2  20134.7    20000
read      654.2   946.5   173.5   244.9   271.0   554.2   680.8   761.3   824.0   899.6   988.2  1116.5  2427.6  9143.4 37061.6  24980.0    25000
read      652.6   932.0   173.5   245.7   271.7   553.6   679.5   759.8   820.9   899.2   994.4  1135.1  2513.8  8854.0 32291.7  30037.8    30000
read      646.5   726.7   173.5   247.1   273.8   561.4   692.6   772.7   836.2   913.1  1012.4  1174.5  1861.5  8675.9 30852.9  34974.6    35000
read      725.0   887.2   173.5   259.3   292.0   624.3   769.4   851.6   912.0   984.3  1079.4  1264.0  2948.6  9449.0 31945.5  39941.8    40000
read      735.1   944.0   173.5   258.2   292.4   603.8   775.1   873.1   939.7  1018.3  1125.5  1376.7  2785.0  9506.5 34700.6  44981.4    45000
read      783.9   988.4   173.5   268.4   310.4   657.6   835.0   922.8   986.2  1065.1  1199.4  1598.2  2605.7 11588.5 36771.9  49888.4    50000
read     1208.4   988.5   187.4   717.4   801.1  1007.0  1097.1  1238.1  1532.7  1727.7  1862.3  2015.9  3303.9 11925.6 32275.4  53841.6    55000
read     1253.2   933.0   187.4   781.3   855.6  1054.5  1151.3  1268.6  1576.5  1808.3  1947.6  2098.3  2729.3 12197.3 32019.8  53307.0    60000
read     1311.3  1106.1   173.5   835.3   897.3  1082.4  1169.7  1268.5  1623.1  1887.1  2015.9  2165.6  3452.0 16540.0 34239.3  51544.0    65000
read     1261.5   925.2   187.4   810.2   870.0  1053.3  1150.3  1273.9  1644.1  1829.7  1955.9  2100.4  2770.4 12595.1 31633.3  53147.4    70000
read     1287.6  1020.4   187.4   823.7   887.1  1071.3  1160.2  1261.6  1587.8  1850.1  1986.3  2139.1  3346.5 13360.0 32064.1  52334.6    75000
read     1176.1   962.1   187.4   749.2   794.8   957.4  1050.5  1245.8  1587.2  1707.5  1804.9  1914.5  3027.4 11496.0 35349.7  56977.2    80000
Warning! Detected max cpu usage > 95%
CPU Usage Stats (avg/min/max): 71.10%,1.51%,100.00%
#type       avg     std     min      p5     p10     p50     p67     p75     p80     p85     p90     p95     p99    p999   p9999     QPS   target
read      535.9  1208.1   187.4   272.3   309.8   436.6   481.7   506.3   526.9   549.1   584.1   642.8  2861.4 23016.0 32463.9   5002.2     5000
read      578.5  1003.5   173.5   248.9   276.1   488.4   576.6   620.5   651.4   690.8   740.4   836.6  3386.4 12584.9 32325.8   9953.4    10000
read      612.1   930.2   173.5   244.7   271.2   523.2   636.5   698.7   742.8   795.4   857.9   947.9  2919.9  8059.7 32358.1  14896.4    15000
read      610.2   834.6   173.5   239.2   262.1   514.7   640.1   716.2   772.5   840.1   916.1  1016.5  2685.5  7663.0 32223.0  20001.0    20000
read      660.4   973.9   173.5   241.8   267.1   544.8   676.8   758.0   821.0   894.9   982.2  1119.3  3388.8  9329.5 35843.7  24850.8    25000
read      661.4   940.7   173.5   243.7   269.2   552.0   681.5   764.0   832.6   913.8  1008.3  1151.7  2869.7  9891.5 32384.4  30063.4    30000
read      675.7   960.4   173.5   245.7   271.1   560.9   697.4   778.6   843.2   922.0  1018.6  1180.8  3279.6  9800.7 32087.1  35045.4    35000
read      699.2   980.4   173.5   247.9   275.6   564.3   717.8   811.7   878.1   960.3  1071.4  1290.8  3421.2 10193.1 32285.8  40073.0    40000
read      701.5   866.3   173.5   255.6   287.1   588.5   739.3   837.0   906.5   987.7  1089.1  1303.6  2428.8  8893.6 32420.5  44842.4    45000
read      704.9   804.8   173.5   259.7   296.8   599.8   756.5   847.1   908.5   982.5  1090.6  1346.9  2162.6  7927.9 31920.5  50052.2    50000
read     1096.4   884.2   187.4   514.6   651.4   935.7  1047.7  1182.9  1400.9  1588.2  1731.5  1882.7  2865.0 10193.7 32325.7  55107.8    55000
read     1263.4  1023.3   202.4   813.8   876.8  1056.8  1148.1  1252.3  1547.0  1820.3  1962.8  2116.6  2816.8 14043.6 32317.4  53162.8    60000
read     1232.2   943.7   187.4   796.8   849.6  1018.5  1098.8  1229.5  1618.6  1797.1  1915.0  2034.1  3031.5 11293.1 32413.8  54307.8    65000
read     1234.9   955.4   173.5   804.5   853.0  1021.2  1106.1  1232.3  1612.5  1796.7  1916.3  2034.9  3002.6 11476.2 32185.9  54324.0    70000
read     1206.6   877.4   187.4   781.5   835.6  1006.4  1091.3  1217.2  1569.5  1766.6  1879.9  2013.9  2632.3 10866.4 31701.3  55327.0    75000
read     1314.1  1004.8   173.5   842.9   911.6  1106.2  1194.7  1294.6  1575.6  1897.8  2045.6  2193.1  2861.7 12798.8 32247.7  50954.4    80000
Warning! Detected max cpu usage > 95%
CPU Usage Stats (avg/min/max): 70.80%,4.00%,100.00%
#type       avg     std     min      p5     p10     p50     p67     p75     p80     p85     p90     p95     p99    p999   p9999     QPS   target
read      560.5  1360.6   187.4   272.4   312.8   439.1   485.6   511.8   534.0   558.7   590.3   658.4  3851.4 27733.0 49234.0   4975.8     5000
read      588.6   983.9   173.5   252.3   279.2   505.1   593.8   637.7   670.3   707.0   752.5   851.2  3233.6  9418.5 32295.4   9989.8    10000
read      629.0   971.6   173.5   245.8   272.4   537.4   655.6   716.8   759.0   811.0   873.4   984.3  3245.7  9472.8 32467.8  15030.2    15000
read      624.6   836.9   173.5   245.6   269.7   528.1   651.6   730.4   791.4   857.8   934.4  1050.0  2666.5  8626.5 31498.0  19963.6    20000
read      691.9   995.6   173.5   249.7   278.1   578.3   706.0   791.3   856.4   929.5  1018.7  1161.8  3783.9  9272.4 36790.0  25053.6    25000
read      664.7   967.2   173.5   242.8   267.2   547.4   681.5   762.1   829.7   912.5  1011.3  1162.8  3609.3  9363.7 32155.4  29923.0    30000
read      648.4   875.6   173.5   245.6   271.1   550.1   685.3   765.1   831.6   909.9  1007.1  1157.2  2157.5  8134.7 36023.2  34977.4    35000
read      681.3   857.4   173.5   248.3   277.2   573.0   719.0   803.6   866.2   940.9  1047.6  1231.9  2631.2  9835.0 31835.5  39730.2    40000
read      720.2   815.1   173.5   262.6   299.1   627.2   776.8   860.4   921.8   995.5  1095.5  1314.9  2290.0  8425.3 32306.7  44862.8    45000
read      708.6   793.6   173.5   259.9   295.2   597.7   757.9   851.4   917.5   998.4  1109.1  1367.8  2196.1  8521.8 31166.6  49921.6    50000
read     1022.9   765.1   187.4   404.4   523.8   908.6  1017.5  1122.4  1281.6  1494.7  1675.6  1850.5  2400.6  9549.2 30281.0  54692.1    55000
read     1298.7   979.8   218.6   866.8   912.6  1084.1  1171.4  1269.3  1612.5  1894.0  2021.7  2165.7  2747.1 13280.5 32252.0  51752.8    60000
read     1268.8   936.7   187.4   840.0   895.1  1066.9  1148.4  1231.9  1536.5  1851.9  1983.5  2128.2  2542.3 13216.2 31649.4  52869.6    65000
read     1189.9   841.5   173.5   775.5   826.8   990.9  1079.4  1221.9  1618.9  1763.6  1855.0  1979.6  2344.3 10186.2 31861.9  55991.6    70000
read     1325.2  1022.9   187.4   878.0   934.0  1113.2  1191.2  1278.5  1567.6  1913.3  2065.3  2212.1  2967.4 15526.7 32419.1  50888.8    75000
read     1234.4   780.7   202.4   820.7   877.3  1044.9  1128.0  1231.8  1612.0  1825.8  1950.9  2082.6  2426.7 10225.3 29335.7  54070.2    80000
Warning! Detected max cpu usage > 95%
CPU Usage Stats (avg/min/max): 72.16%,3.00%,100.00%