#type       avg     std     min      p5     p10     p50     p67     p75     p80     p85     p90     p95     p99    p999   p9999     QPS   target
read      561.8  1267.1   187.4   272.1   313.3   459.0   506.6   533.2   550.2   575.4   606.8   672.8  3334.6 30115.7 36765.6   4999.0     5000
read      574.9   996.9   173.5   244.5   269.5   501.4   586.4   631.3   663.1   698.2   747.3   839.9  2151.5 14647.7 36243.3  10024.4    10000
read      625.9   967.1   173.5   235.8   258.3   529.5   644.8   708.4   752.0   802.9   865.6   975.7  3755.9 11775.8 33005.8  14889.6    15000
read      594.1   763.4   173.5   236.2   258.5   514.7   639.8   715.0   770.1   832.0   902.7  1000.5  1659.2  8796.5 32309.8  19957.8    20000
read      615.8   883.4   173.5   232.5   253.7   501.2   639.2   721.9   786.5   857.9   937.8  1062.2  3001.5  8384.1 31773.2  24939.2    25000
read      647.4   957.5   173.5   236.8   261.0   531.7   664.0   745.0   809.0   886.7   983.8  1132.0  3589.9  9192.4 38838.7  30052.6    30000
read      667.2   860.3   173.5   245.8   273.6   578.5   705.6   781.3   841.0   914.7  1009.6  1158.9  2408.3 10143.6 31877.7  34933.0    35000
read      697.1   986.8   173.5   248.0   276.8   583.4   719.3   797.5   856.9   930.6  1030.3  1226.9  3732.0  9181.6 32215.2  40010.2    40000
read      651.2   840.1   173.5   244.9   273.1   541.8   682.3   766.7   831.0   908.9  1015.1  1201.2  2278.4  8853.5 31926.3  44832.8    45000
read      678.1   729.0   173.5   254.3   288.4   586.4   730.4   812.5   873.1   947.9  1054.1  1271.0  2028.3  7713.7 31134.3  49770.4    50000
read      611.5   704.1   173.5   246.5   274.5   511.0   645.5   733.0   798.2   877.0   981.3  1146.6  1701.7  8268.4 31263.5  54909.2    55000
read     1159.1   888.5   187.4   728.0   781.7   953.3  1052.4  1260.5  1562.4  1689.6  1792.1  1901.7  2614.2 10221.1 32175.7  57021.4    60000
read     1132.5   833.2   187.4   697.6   756.0   936.6  1049.0  1282.4  1522.1  1648.4  1742.8  1864.3  2421.4 10461.4 31131.0  58482.0    65000
read     1144.9   822.7   187.4   723.0   776.0   944.1  1043.7  1281.0  1561.2  1677.2  1771.5  1872.1  2340.5 10425.2 31475.7  58206.2    70000
read     1084.7   901.2   173.5   679.6   722.5   869.3   969.2  1311.4  1496.0  1574.0  1655.5  1742.1  2483.3 11938.3 31800.4  61475.2    75000
read     1164.6   838.2   173.5   756.7   810.3   972.3  1061.1  1184.3  1578.1  1715.0  1816.8  1937.9  2336.7 10213.9 31484.3  57351.9    80000
Warning! Detected max cpu usage > 95%
CPU Usage Stats (avg/min/max): 68.33%,2.53%,100.00%
#type       avg     std     min      p5     p10     p50     p67     p75     p80     p85     p90     p95     p99    p999   p9999     QPS   target
read      556.3  1110.7   187.4   271.3   315.7   473.8   523.0   547.3   568.1   590.2   625.9   691.0  3049.0 16233.3 32220.9   5036.8     5000
read      622.5  1172.9   173.5   248.5   276.6   528.4   607.5   651.1   682.5   721.0   771.5   865.1  3900.2 25600.8 35955.5   9868.4    10000
read      610.4   852.1   173.5   241.5   266.9   540.3   656.9   716.4   757.5   804.6   864.6   959.1  2119.5  7842.4 32790.9  14975.2    15000
read      653.7   963.2   173.5   243.7   271.3   564.0   691.0   762.2   811.0   869.2   937.8  1051.7  3186.6 10469.6 35402.3  20034.8    20000
read      619.1   840.7   173.5   237.1   259.5   510.3   648.0   730.0   790.6   861.2   943.4  1069.3  3146.3  8070.7 31457.9  25048.4    25000
read      606.7   705.3   173.5   238.9   262.2   529.9   654.0   730.4   790.0   865.0   958.2  1086.3  1577.4  8443.1 31583.0  29970.3    30000
read      621.5   761.6   173.5   240.4   264.5   530.2   660.6   735.9   796.0   875.2   977.2  1117.7  1934.5  8240.9 31628.0  34880.6    35000
read      621.0   706.3   173.5   244.5   270.2   539.3   667.0   739.5   794.8   866.6   965.4  1116.2  1899.1  7737.8 31988.6  39780.2    40000
read      633.4   768.3   173.5   244.5   271.5   533.4   668.5   747.1   808.6   886.6   991.6  1162.9  1860.1  8487.5 31391.8  45022.3    45000
read      703.8   772.7   173.5   261.2   298.5   614.4   751.2   828.8   887.3   963.6  1074.9  1307.7  2018.4  8451.6 31724.1  49955.4    50000
read      699.0   747.8   173.5   268.4   308.4   603.8   741.9   820.3   880.5   964.2  1085.3  1328.0  1944.4  8139.0 31635.4  55202.9    55000
read      733.6   796.8   173.5   276.5   321.7   630.1   765.6   849.7   922.9  1026.3  1183.6  1408.2  2010.7  9144.5 31267.5  59990.8    60000
read     1078.6   709.6   187.4   670.5   719.0   892.8  1007.6  1360.9  1502.0  1583.5  1667.2  1761.1  2092.6  8892.6 29576.8  60755.3    65000
read     1125.5   937.1   187.4   700.2   752.4   914.2  1013.1  1323.6  1522.2  1628.7  1711.4  1828.2  2685.6  9819.4 33668.2  59362.0    70000
read     1061.0   817.1   187.4   650.8   698.2   856.1   990.1  1336.8  1452.8  1533.8  1604.9  1710.9  2217.1  9828.5 30376.1  62798.2    75000
read     1036.3   795.4   202.4   647.8   693.5   836.4   939.3  1318.7  1434.8  1512.1  1577.9  1675.5  2058.5  9281.7 31581.0  64179.0    80000
Warning! Detected max cpu usage > 95%
CPU Usage Stats (avg/min/max): 70.20%,2.50%,100.00%
#type       avg     std     min      p5     p10     p50     p67     p75     p80     p85     p90     p95     p99    p999   p9999     QPS   target
read      556.3   957.4   187.4   270.1   307.8   455.4   503.4   530.4   548.3   575.9   613.3   687.2  3969.1 14406.6 30996.8   5072.0     5000
read      610.5   992.9   173.5   252.7   281.0   534.1   618.8   663.6   694.4   733.0   783.0   868.0  3525.4 13827.5 32274.8  10070.5    10000
read      600.0   856.2   173.5   238.8   261.7   515.1   630.7   691.9   734.5   782.4   846.3   947.0  3186.4  8716.1 31614.5  15063.0    15000
read      591.8   740.7   173.5   237.1   259.4   515.3   637.6   709.6   760.3   820.8   896.4   999.6  1808.9  8031.4 31865.4  20016.3    20000
read      610.9   797.0   173.5   237.0   258.5   512.0   642.2   722.2   782.0   854.3   940.5  1060.5  3033.1  8468.0 31070.8  24859.2    25000
read      605.6   902.7   173.5   236.4   257.0   486.8   628.2   711.3   774.6   853.1   944.6  1069.1  2351.1  8214.6 32172.0  29988.6    30000
read      627.1   805.7   173.5   241.3   265.5   530.7   662.0   738.9   800.3   881.4   989.3  1137.8  2005.5  8740.4 35211.7  35025.3    35000
read      638.6   796.4   173.5   244.2   269.8   540.6   673.5   748.7   807.5   884.2   990.0  1154.3  2361.9  8786.6 31477.2  39898.5    40000
read      648.9   808.1   173.5   246.0   273.0   532.9   674.4   765.3   836.5   923.4  1033.1  1215.5  2255.4  9407.7 31519.8  45021.4    45000
read      712.7   814.7   173.5   261.3   298.5   611.0   751.9   837.6   901.8   978.4  1084.7  1333.3  2322.7  8736.5 31573.9  49979.6    50000
read      673.0   684.3   173.5   259.6   294.8   581.3   720.8   799.9   861.5   942.2  1063.5  1299.0  1968.2  7469.7 31133.9  55083.9    55000
read      906.9   774.3   173.5   361.8   453.2   793.4   907.1  1014.0  1160.4  1337.8  1485.4  1619.6  2026.0  8490.4 31991.6  59918.2    60000
read     1112.1   829.0   173.5   696.3   749.8   913.9  1012.2  1294.5  1520.5  1626.8  1710.1  1827.0  2343.9 10192.5 31229.3  59600.6    65000
read     1144.6   737.3   173.5   720.6   776.5   960.2  1065.0  1292.0  1551.2  1674.1  1775.5  1886.3  2265.8  9283.7 29363.9  58081.4    70000
read     1133.7   930.6   187.4   695.6   749.3   923.2  1047.9  1364.2  1530.9  1633.6  1718.5  1840.2  2524.8 11321.4 32192.7  58986.4    75000
read     1040.1   745.3   202.4   644.3   685.9   841.5   980.8  1323.7  1428.7  1505.1  1576.8  1682.6  2340.8  9082.7 30480.8  63802.2    80000
Warning! Detected max cpu usage > 95%
CPU Usage Stats (avg/min/max): 71.06%,2.53%,100.00%