#type       avg     std     min      p5     p10     p50     p67     p75     p80     p85     p90     p95     p99    p999   p9999     QPS   target
read      474.5  1053.1   187.4   279.2   305.5   413.6   451.9   471.8   489.2   506.6   534.2   581.6   841.7 13732.1 39114.6   4894.0     5000
read      485.2   385.7   187.4   261.4   291.3   464.9   527.7   559.1   581.1   606.6   637.3   690.6   899.6  4550.6 15678.4   9964.2    10000
read      511.0   303.2   173.5   255.9   286.9   490.7   575.5   618.4   647.6   683.0   729.3   799.8   979.6  3895.1 11242.5  14853.6    15000
read      536.4   327.9   173.5   249.9   282.4   511.8   601.6   649.2   685.4   727.9   784.0   871.6  1098.1  3572.9 11956.0  20070.6    20000
read      549.5   359.1   173.5   247.6   277.2   521.3   617.0   670.0   709.5   754.2   818.9   929.1  1172.0  4048.8 12623.8  24883.2    25000
read      555.3   381.1   160.7   247.8   275.7   526.7   629.6   685.4   725.7   774.3   841.9   956.0  1189.7  3137.8 14237.9  29929.4    30000
read      541.3   306.8   173.5   242.3   267.6   514.0   618.6   676.2   718.2   768.8   838.3   942.8  1174.6  2534.9 12124.2  34964.6    35000
read      531.0   333.7   173.5   239.3   262.6   492.0   602.1   661.9   706.3   761.5   837.0   949.0  1203.0  2963.2 12925.6  39905.6    40000
read      535.9   357.0   173.5   246.8   272.5   494.8   604.8   666.0   710.0   761.4   831.8   939.5  1197.1  3243.5 12547.0  45084.4    45000
read      531.2   366.4   173.5   244.7   269.9   484.3   593.7   656.5   703.8   761.1   836.1   949.8  1191.3  3176.5 14231.3  49976.8    50000
read      515.1   366.7   173.5   240.7   264.9   462.1   570.0   633.6   682.9   742.8   822.3   936.1  1184.8  2704.6 14193.6  54932.0    55000
read      532.6   329.8   173.5   250.6   280.1   492.8   594.1   650.4   692.1   745.4   816.4   925.6  1197.5  2213.7 13538.6  59889.0    60000
read      589.2   370.1   173.5   274.7   313.0   540.6   642.9   706.2   754.3   817.5   906.3  1049.6  1358.4  3214.3 16680.4  64958.4    65000
read      923.4   469.3   187.4   553.3   599.0   782.7   984.4  1197.1  1278.6  1345.8  1417.6  1498.5  1689.0  4805.8 16792.9  68755.0    70000
read      965.8   504.2   173.5   591.3   640.1   816.6   961.4  1242.1  1345.8  1424.6  1494.0  1586.0  1738.3  5081.0 18549.7  68087.4    75000
read      938.6   485.3   173.5   583.4   626.6   785.9   917.3  1231.1  1323.2  1392.3  1456.0  1540.0  1700.1  5485.9 16125.0  70095.0    80000
Warning! Detected max cpu usage > 95%
CPU Usage Stats (avg/min/max): 71.01%,1.00%,100.00%
#type       avg     std     min      p5     p10     p50     p67     p75     p80     p85     p90     p95     p99    p999   p9999     QPS   target
read      445.5   551.1   173.5   278.0   304.1   408.8   447.3   467.3   482.9   500.4   525.4   570.6  1037.2  6784.5 28988.7   5049.2     5000
read      493.2   354.5   187.4   264.2   295.4   469.4   534.0   566.3   587.7   614.9   647.1   713.8  1042.4  4599.2 15409.9   9993.2    10000
read      528.7   412.3   173.5   259.3   292.7   501.9   583.9   626.2   656.3   690.3   735.8   806.1  1030.2  5501.3 15663.1  15022.4    15000
read      537.8   311.4   173.5   251.6   282.0   510.1   603.5   654.8   691.2   735.8   794.3   892.5  1116.0  3796.2 12428.9  20035.6    20000
read      559.6   384.3   173.5   249.0   279.4   534.1   628.2   681.5   720.3   765.8   828.5   935.7  1209.2  3938.3 11875.7  24941.0    25000
read      547.3   379.9   173.5   242.2   267.6   504.4   611.9   672.0   718.3   776.3   853.8   968.8  1212.1  4953.5 13325.9  30031.6    30000
read      536.8   439.9   173.5   237.0   260.0   497.7   603.9   663.6   707.3   759.7   829.6   935.6  1181.5  5288.6 17474.7  35044.8    35000
read      531.9   324.2   160.7   239.7   262.9   491.9   600.3   661.8   708.2   764.1   837.9   953.5  1185.8  3548.1 10764.4  40024.8    40000
read      524.7   363.0   173.5   239.6   261.8   471.9   587.4   652.5   700.7   760.4   839.0   952.6  1187.8  3127.2 14372.5  44892.6    45000
read      527.8   306.1   173.5   243.7   268.1   480.5   592.4   655.2   701.3   759.1   836.9   954.0  1219.2  2406.3 10872.2  49882.6    50000
read      545.8   364.8   173.5   250.4   278.8   502.4   607.7   666.5   710.8   765.3   839.2   959.1  1324.0  3071.6 13194.4  54764.2    55000
read      527.0   319.2   173.5   249.3   276.5   482.8   586.0   644.3   689.2   745.7   819.9   931.0  1202.0  2415.6 13410.0  59826.5    60000
read      742.5   443.4   173.5   318.8   379.9   678.0   788.0   862.0   934.6  1066.3  1237.5  1410.0  1643.7  3756.3 16484.3  64737.7    65000
read      947.4   500.9   187.4   578.6   624.7   794.8   946.7  1228.4  1320.6  1390.7  1459.6  1553.2  1728.6  6400.9 17009.0  68053.2    70000
read      949.5   463.2   202.4   595.7   636.3   794.2   936.1  1254.4  1337.5  1405.2  1467.8  1555.8  1711.6  4559.9 16110.2  68904.6    75000
read     1040.1   524.7   187.4   659.7   709.6   883.1   989.4  1273.1  1451.6  1551.7  1637.8  1729.8  1913.3  5358.9 20683.6  63476.6    80000
Warning! Detected max cpu usage > 95%
CPU Usage Stats (avg/min/max): 69.80%,0.50%,100.00%
#type       avg     std     min      p5     p10     p50     p67     p75     p80     p85     p90     p95     p99    p999   p9999     QPS   target
read      450.3   547.2   187.4   278.4   304.2   410.5   448.6   468.4   484.7   502.5   528.9   573.9   958.3  9738.6 19870.6   4941.8     5000
read      489.5   362.1   187.4   264.3   295.2   470.3   536.1   568.6   590.0   617.8   651.8   715.4   901.5  4793.3 15112.7   9920.8    10000
read      519.2   298.5   187.4   259.7   292.0   501.9   583.1   624.7   653.9   687.7   734.3   807.4  1014.5  3818.2 10665.2  14984.6    15000
read      544.6   340.7   173.5   252.1   284.9   519.7   608.8   660.1   695.7   737.9   794.5   885.0  1115.5  4435.6 13428.0  20051.6    20000
read      555.8   387.8   173.5   249.9   280.3   524.1   622.2   677.2   718.2   768.1   836.5   948.0  1172.3  3993.0 15395.8  25060.0    25000
read      544.2   471.4   173.5   241.3   266.1   500.1   611.7   670.9   713.2   764.2   834.0   940.7  1186.1  6025.9 20117.3  29983.0    30000
read      534.4   353.4   173.5   241.4   265.6   497.8   609.6   669.6   712.8   764.3   832.7   936.6  1169.8  3165.8 14418.3  34954.8    35000
read      532.8   293.0   173.5   243.4   267.7   499.1   609.5   667.8   709.3   758.2   826.3   935.2  1188.1  2886.9 10350.2  39866.0    40000
read      531.9   318.4   173.5   242.6   266.8   492.1   602.6   664.0   708.2   762.3   836.1   948.1  1220.4  2659.3  9412.5  44921.6    45000
read      527.2   322.9   173.5   241.1   265.4   476.9   588.9   654.5   702.9   763.7   845.2   967.1  1211.4  3013.9 10950.6  49887.0    50000
read      561.4   394.2   173.5   257.6   287.4   517.9   622.2   678.1   720.5   773.3   847.3   970.5  1376.2  4292.8 14396.4  55180.8    55000
read      532.7   319.5   173.5   256.4   284.0   486.5   590.3   650.4   695.3   752.3   826.9   935.0  1191.2  2521.6 13011.2  59968.2    60000
read      585.4   408.4   173.5   273.9   311.9   537.0   639.1   701.9   750.3   810.9   892.5  1027.7  1311.3  3377.0 17465.8  65095.4    65000
read      727.1   426.0   173.5   342.0   401.5   657.6   784.8   873.7   951.7  1045.6  1152.7  1282.2  1509.4  3724.0 17164.1  70024.0    70000
read      931.5   474.0   187.4   571.4   615.1   779.9   946.0  1222.8  1308.7  1372.7  1438.8  1515.1  1677.0  5082.8 16224.9  70105.4    75000
read      973.8   521.5   187.4   601.5   648.6   813.1   949.4  1271.4  1366.0  1436.8  1503.9  1592.2  1762.3  7151.3 18218.2  67723.7    80000
Warning! Detected max cpu usage > 95%
CPU Usage Stats (avg/min/max): 69.84%,2.49%,100.00%