ubuntu@client-measure-38j0:~/memcache-perf-dynamic$ ./mcperf -s 10.156.0.45 -a 10.156.0.44 --noload -T 16 -C 4 -D 4 -Q 1000 -c 4 -t 1800 --qps_interval 10 --qps_min 5000 --qps_max 100000
Random waveform, random seed
Total number of intervals = 180 (93033, 83338, 73337, 48277, 8810, 6621, 79850, 63136, 78326, 95470, 90283, 35231, 26411, 84688, 58242, 93555, 16981, 56139, 96592, 33151, 18440, 77805, 78472, 76224, 16651, 22303, 9362, 80676, 78310, 28075, 26415, 59963, 53656, 75984, 74978, 71271, 98709, 95580, 46280, 86952, 94862, 39777, 39023, 7531, 81175, 99083, 8223, 31855, 86511, 7455, 46844, 54542, 51870, 78139, 85169, 66556, 75547, 41490, 39790, 64403, 89849, 57398, 77252, 9490, 41079, 75531, 57920, 7212, 39161, 40641, 33929, 89109, 52208, 53358, 93933, 92382, 65408, 75191, 44037, 14272, 39826, 17699, 60691, 22278, 76403, 76170, 63917, 99833, 78791, 27333, 8529, 35334, 46811, 84440, 64800, 19369, 13281, 12260, 46783, 82008, 38136, 6565, 87407, 54487, 66256, 73579, 23629, 67733, 97656, 66502, 21517, 17103, 20652, 96810, 88816, 80558, 88952, 76411, 32634, 78647, 72742, 14576, 22504, 69897, 83514, 73036, 19473, 54572, 77156, 99621, 30063, 94128, 46033, 15324, 44734, 39572, 14842, 20629, 95625, 33481, 54887, 41304, 47541, 98244, 67616, 31298, 37651, 26110, 56017, 35809, 44588, 53954, 51549, 89191, 14770, 53596, 14673, 38491, 89969, 68028, 32055, 37193, 28379, 94935, 22842, 45661, 36908, 85438, 27437, 42518, 33624, 95444, 37788, 47233, 41812, 38280, 54616, 49483, 53270, 36048)
Average QPS expected = 54139
Timestamp start: 1652880407576
Timestamp end: 1652882207993

#type       avg     std     min      p5     p10     p50     p67     p75     p80     p85     p90     p95     p99    p999   p9999      QPS   target
read      646.1   403.6   101.3   213.1   257.2   585.4   737.8   824.7   890.3   973.3  1085.6  1273.7  1724.2  3122.9 12218.9  93124.3    93033
read      507.5   433.6    93.8   196.4   224.3   396.7   501.8   574.6   639.4   735.7   898.5  1212.7  2100.8  3513.4 11925.7  83301.3    83338
read      444.5   427.9    93.8   168.9   194.5   340.9   426.7   485.0   530.4   593.4   726.2  1128.6  2119.0  3616.1 11773.7  73302.3    73337
read      449.3   470.9    86.8   165.5   187.5   331.7   429.6   500.7   548.3   618.9   745.6  1272.1  1954.1  4268.2 13113.2  48224.2    48277
read      429.5   740.9   109.4   184.9   212.4   388.5   448.9   476.9   497.2   520.2   547.6   601.7  1324.3 10541.3 32170.6   8789.1     8810
read      429.1   906.4   109.4   192.9   221.0   374.4   419.0   441.3   458.4   477.6   504.5   552.3  2144.2 10147.8 32213.1   6583.1     6621
read      452.8   355.6    93.8   185.6   211.6   365.8   455.5   511.4   556.7   625.9   746.4  1041.1  1851.1  3108.2  9025.0  79656.4    79850
read      438.0   440.4    86.8   172.4   195.4   338.6   425.8   483.8   528.4   586.9   692.0  1056.2  2055.7  3766.1 12484.2  63413.7    63136
read      452.1   412.5    86.8   186.1   210.3   354.2   438.1   495.1   539.4   605.1   730.5  1096.9  2030.1  3298.2 10976.6  78238.5    78326
read      705.3   379.4    93.8   216.9   285.4   671.6   803.6   882.6   941.5  1019.7  1126.8  1297.1  1686.8  2629.0 10033.3  95283.2    95470
read      692.2   402.6   101.3   206.2   259.4   658.5   793.9   873.1   936.2  1015.1  1124.1  1303.4  1706.7  2765.0 12131.4  90118.7    90283
read      457.5   536.1   101.3   171.7   195.2   358.8   472.5   542.9   588.4   656.0   755.0  1071.9  1566.5  5833.4 17561.3  35129.7    35231
read      467.1   628.9    93.8   173.6   198.8   380.3   504.2   564.7   605.6   660.1   736.0   934.8  1367.5  7670.9 31095.6  26347.0    26411
read      523.7   407.3    93.8   199.5   228.3   417.7   531.6   611.6   681.6   782.5   937.5  1209.7  1987.5  3357.7 10926.8  84640.7    84688
read      442.2   464.9    86.8   165.1   188.4   334.6   427.8   490.5   539.6   601.6   719.0  1137.7  2072.8  3854.5 14425.9  58163.7    58242
read      712.3   415.7    93.8   202.6   256.1   678.2   816.2   898.1   961.3  1044.5  1158.0  1342.4  1788.7  3471.5 10917.2  93521.5    93555
read      468.1   809.8   101.3   171.9   196.6   395.7   508.4   554.3   583.1   619.0   671.0   776.9  1507.2 11584.6 32092.4  17018.6    16981
read      442.1   426.2    93.8   169.0   192.2   341.6   436.1   498.9   546.8   608.5   712.5  1073.7  2020.6  3768.5 11138.8  56259.9    56139
read      700.3   437.2    93.8   193.0   243.5   660.3   797.6   880.5   944.6  1027.2  1144.5  1338.1  1839.4  3795.1 12722.6  96645.9    96592
read      455.8   507.9    86.8   162.3   186.3   357.1   478.2   552.0   601.7   667.0   776.2  1084.2  1562.7  5405.2 27647.9  33228.9    33151
read      456.1   589.0    93.8   174.4   199.4   401.0   512.4   558.9   588.4   624.7   677.1   787.7  1171.5  8022.5 30175.6  18522.0    18440
read      454.1   380.9    93.8   186.6   212.5   366.2   455.9   511.6   558.8   623.1   737.5  1029.8  1877.5  3345.7 10317.4  77900.9    77805
read      476.3   410.0    93.8   188.6   214.8   373.0   467.6   530.8   583.4   663.0   818.0  1158.6  2014.4  3401.4 11796.2  78574.9    78472
read      458.4   421.6    86.8   178.4   204.9   355.2   444.6   504.1   552.1   623.6   762.6  1135.1  2080.1  3516.2 10198.1  76085.1    76224
read      449.8   587.6    93.8   172.9   197.5   396.7   506.6   550.7   579.8   612.5   654.9   740.3  1419.0  6876.1 30624.3  16618.1    16651
read      455.1   534.1    93.8   173.5   198.1   389.7   515.0   569.5   604.0   644.3   710.3   843.6  1245.6  5342.3 28127.8  22345.0    22303
read      452.1   857.7   109.4   183.0   210.3   398.4   465.7   495.2   515.3   539.5   572.6   630.5  1915.0 11233.8 32219.8   9400.6     9362
read      483.9   429.5    93.8   192.5   219.3   379.5   475.8   537.8   590.9   671.7   825.1  1166.6  2061.4  3410.4 12066.5  80539.9    80676
read      463.1   388.7    86.8   185.9   212.7   369.5   461.7   520.8   569.5   638.2   772.3  1089.2  1928.4  3190.3  9790.7  78259.7    78310
read      460.2   435.5    93.8   172.6   196.9   382.2   505.3   568.4   612.9   667.8   749.9   998.6  1416.6  5035.6 14647.0  27996.4    28075
read      480.9   687.8    93.8   171.4   195.2   380.8   507.3   571.1   614.6   670.5   769.3  1042.1  1530.5  9565.2 30988.2  26401.8    26415
read      442.7   439.8    93.8   170.6   193.3   334.8   426.3   487.2   534.8   595.7   701.7  1142.5  2120.5  3625.1 12507.1  59834.8    59963
read      447.5   456.7    93.8   169.1   191.9   338.7   437.3   505.0   555.9   618.9   722.4  1137.5  2035.2  3794.6 12537.2  53770.2    53656
read      456.5   430.4    93.8   181.3   207.0   352.7   438.0   495.4   539.9   605.3   733.0  1138.9  2176.5  3672.3 11412.8  75933.8    75984
read      459.8   470.9    86.8   177.9   203.4   349.6   434.9   493.7   540.0   608.4   743.0  1171.0  2259.2  3767.3 13737.1  74846.1    74978
read      444.9   432.9    93.8   176.6   200.3   341.5   427.7   486.5   530.8   590.8   705.5  1102.9  2134.2  3713.1 11698.0  71306.0    71271
read      737.1   452.4    93.8   199.6   252.1   702.5   844.5   926.9   993.3  1075.5  1187.2  1375.2  1835.6  4156.3 13640.1  98671.3    98709
read      739.4   423.5    93.8   208.6   271.8   708.9   846.8   927.5   990.8  1070.1  1177.9  1363.7  1797.7  2931.8 13320.8  95513.2    95580
read      491.6   433.6    93.8   175.8   200.4   383.6   508.6   585.6   647.3   735.3   886.5  1187.1  1869.4  3764.3 13575.2  46342.1    46280
read      643.2   532.5   101.3   205.5   243.0   543.9   703.3   798.2   871.0   965.3  1098.6  1350.7  2193.7  5576.9 16086.1  87055.4    86952
read      714.6   428.2    93.8   205.2   263.0   678.0   815.1   897.9   961.3  1042.7  1153.8  1334.4  1767.6  3798.2 12782.9  94749.9    94862
read      457.2   421.6    93.8   169.1   191.4   351.3   466.4   537.8   588.2   654.2   765.6  1180.5  1780.7  4089.2 12587.4  39805.8    39777
read      464.6   473.5    93.8   168.9   191.0   350.5   467.7   543.2   593.6   662.3   778.0  1227.9  1803.6  5434.0 13949.4  38996.4    39023
read      440.6   832.1   109.4   188.8   216.9   384.0   438.6   465.3   484.2   504.5   534.7   590.3  2122.7 10922.7 32418.4   7570.9     7531
read      503.4   443.6    93.8   192.4   219.4   386.4   489.2   556.3   618.5   713.2   889.9  1262.9  2183.2  3679.3 11782.4  81196.6    81175
read      719.9   426.9    93.8   203.9   255.3   691.5   830.6   911.7   974.8  1053.6  1162.2  1343.3  1746.1  2908.2 13448.6  99172.8    99083
read      443.0   936.7    93.8   180.0   206.9   385.0   451.0   481.5   503.1   527.6   556.4   625.6  1315.2 15656.0 32035.4   8260.6     8223
read      467.4   425.1    93.8   168.0   190.6   364.5   486.8   557.4   610.7   681.3   825.5  1203.3  1645.5  3423.9 14385.9  31910.9    31855
read      554.0   412.5    93.8   202.2   232.2   448.4   584.4   677.4   753.2   852.1   993.2  1244.6  1968.0  3262.4 11807.9  86560.9    86511
read      430.1   818.0   109.4   187.1   214.9   376.1   432.8   459.0   476.9   500.1   528.6   575.6  1404.5 12968.4 32091.4   7437.1     7455
read      459.5   450.5    93.8   168.8   191.2   348.0   452.5   520.8   569.2   635.1   749.8  1248.2  1991.3  3966.4 13394.4  46810.7    46844
read      448.7   457.9    93.8   169.9   192.1   337.4   430.3   496.3   544.9   608.3   720.9  1203.9  2087.6  4022.5 13016.1  54640.8    54542
read      447.3   440.9    93.8   168.7   191.1   338.6   436.9   505.8   553.7   617.9   729.1  1176.6  1994.6  3857.5 12919.9  51933.2    51870
read      463.4   403.0    93.8   186.5   212.1   366.4   457.8   517.8   566.0   635.3   762.8  1100.8  2028.2  3362.7 10854.3  78072.5    78139
read      535.1   397.6    93.8   198.7   229.4   439.4   560.2   643.0   715.9   811.8   950.0  1186.2  1848.5  3117.0 10675.7  85148.1    85169
read      444.9   479.7    93.8   171.5   194.8   338.4   426.1   486.1   532.7   591.6   698.5  1115.7  2169.4  3830.3 14807.2  66541.1    66556
read      460.1   442.1    93.8   186.3   211.4   364.2   455.7   515.5   563.7   633.7   760.3  1084.5  1921.1  3484.0 13420.1  75654.8    75547
read      456.2   434.6    93.8   174.1   197.8   359.4   471.7   544.0   589.6   652.3   743.6  1103.3  1678.7  4390.3 14809.4  41458.2    41490
read      446.3   348.1    93.8   172.4   195.5   359.8   477.5   544.7   587.8   644.2   727.5  1054.1  1644.5  2268.0  9160.4  39841.8    39790
read      434.2   354.2    86.8   176.1   200.5   349.5   441.7   500.5   544.2   600.1   690.2   958.8  1890.9  2916.8  9651.4  64296.9    64403
read      500.8   364.6    93.8   207.3   236.7   421.7   520.2   584.4   637.6   716.3   842.3  1071.8  1719.8  3038.5 10782.0  89746.8    89849
read      437.8   387.7    93.8   173.2   196.2   344.8   441.0   503.1   547.8   602.8   690.1  1007.9  1967.4  2964.8 11753.4  57464.3    57398
read      432.8   353.8    93.8   184.9   210.0   356.1   440.4   493.6   535.8   589.5   675.6   932.3  1764.3  2974.7 10807.8  77206.5    77252
read      426.2   518.1   109.4   189.6   217.7   411.2   476.0   502.2   521.6   543.6   571.3   612.7   810.7  6381.6 26803.6   9616.0     9490
read      470.2   407.6    93.8   171.7   194.4   366.2   478.9   546.6   592.2   660.6   786.7  1254.9  1888.7  2624.7 10316.7  40990.9    41079
read      469.0   420.1    93.8   187.7   212.8   366.4   457.4   516.3   564.3   631.9   764.5  1167.2  2110.6  3429.3 12171.5  75448.5    75531
read      445.2   411.7    86.8   175.4   199.2   349.2   444.0   505.9   552.6   611.1   705.7  1037.4  1990.8  3984.5 11415.0  57842.5    57920
read      407.3   535.8   101.3   196.2   223.3   388.2   438.7   461.9   477.8   496.5   520.2   562.6   827.9  7923.7 29843.2   7243.7     7212
read      466.5   394.7    93.8   172.8   195.7   366.1   482.1   549.5   595.7   658.6   770.7  1213.5  1788.5  3792.6  9876.5  38957.4    39161
read      466.7   426.3    93.8   167.6   188.5   336.2   453.1   533.9   588.0   666.4   867.7  1370.7  1899.8  3432.0 10193.5  40626.8    40641
read      468.2   410.8    93.8   166.6   186.6   341.8   466.8   553.9   609.1   692.8   930.1  1318.6  1719.6  3431.8 10158.1  33874.7    33929
read      666.5   413.2    93.8   212.7   259.0   604.1   760.7   851.6   920.7  1008.2  1127.7  1328.3  1795.2  2947.7 11262.5  89077.4    89109
read      458.4   495.8    93.8   167.4   187.7   319.4   417.5   488.3   546.3   618.5   794.1  1410.9  2205.2  3246.7 14377.2  52244.7    52208
read      453.9   445.5    93.8   168.8   190.4   328.6   426.8   495.8   549.8   621.2   748.9  1310.7  2191.5  3210.7  9703.7  53294.2    53358
read      700.5   483.3    93.8   186.6   234.1   644.6   787.4   870.5   938.5  1025.0  1142.8  1346.7  2214.1  4118.6 12850.3  93986.0    93933
read      698.7   417.3    93.8   203.8   260.5   651.0   796.2   881.8   947.1  1030.3  1142.9  1335.8  1839.5  3660.9 11581.8  92350.1    92382
read      443.3   445.9    93.8   174.9   198.6   342.0   433.0   495.3   542.0   607.1   718.6  1081.0  1999.2  3472.1 13811.4  65399.7    65408
read      445.8   375.2    93.8   179.5   205.4   357.4   447.3   504.7   549.0   613.9   721.3  1038.2  1904.7  3158.3 10370.5  75137.5    75191
read      466.4   465.9    93.8   168.0   188.3   331.6   444.7   523.6   582.6   657.1   819.8  1386.6  2020.7  3978.7 11168.5  44032.3    44037
read      439.4   455.0   101.3   175.7   200.2   408.9   510.8   552.4   582.1   614.8   655.4   737.3   995.5  5379.5 16828.4  14284.5    14272
read      453.5   393.9    93.8   172.5   196.2   364.6   481.5   548.4   595.8   651.7   739.6  1052.1  1657.7  3713.1 13231.7  39884.9    39826
read      438.7   357.7    93.8   176.0   200.6   404.4   520.2   565.9   595.5   627.9   671.9   749.8  1025.5  4049.8 13251.1  17702.2    17699
read      438.6   389.8    93.8   174.2   197.7   343.9   434.5   497.1   543.8   605.5   700.2  1049.3  1982.5  2985.4 10070.3  60607.3    60691
read      453.8   392.3    93.8   178.8   204.8   401.6   525.6   579.6   615.5   656.7   713.3   823.0  1170.2  4354.3 12606.3  22294.0    22278
read      457.6   391.1    93.8   189.0   215.4   371.4   464.3   524.0   571.8   637.0   751.0  1026.3  1782.0  3207.4 12244.9  76426.7    76403
read      478.3   396.2    93.8   191.3   218.1   379.1   476.0   539.9   593.6   670.8   805.7  1136.3  1990.3  3312.0 10397.7  76296.4    76170
read      446.5   433.8    93.8   175.4   198.5   341.6   430.0   491.9   540.1   605.7   720.8  1112.0  2113.7  3562.2 12454.8  63782.7    63917
read      686.9   400.6    93.8   208.8   274.0   643.1   777.6   857.7   920.8   999.1  1100.8  1277.5  1728.8  3756.4 11798.5  99807.8    99833
read      501.4   399.4    86.8   181.3   212.2   405.3   520.8   595.9   656.3   739.4   874.0  1135.5  1926.6  3471.5 10185.9  78854.7    78791
read      450.6   373.3    93.8   175.9   201.9   386.5   512.6   573.0   614.3   662.6   726.6   882.0  1276.7  3421.9 12748.5  27398.7    27333
read      406.6   387.3   109.4   190.1   216.5   386.3   450.3   477.0   496.0   516.9   542.9   586.9   925.5  5777.3 11614.5   8555.8     8529
read      467.2   492.0    93.8   166.2   187.7   346.9   467.4   544.6   599.6   680.9   859.9  1262.9  1719.7  4246.8 17928.0  35240.0    35334
read      452.1   423.6    93.8   167.1   188.6   333.1   434.4   509.5   565.8   641.2   779.7  1283.8  1943.7  3355.1 10796.7  46719.4    46811
read      583.6   460.9    93.8   200.6   232.0   476.7   625.4   724.7   804.5   911.1  1056.6  1313.7  1955.3  3475.7 13252.1  84466.7    84440
read      448.3   467.1    86.8   171.2   193.8   330.7   417.2   477.1   527.9   594.2   726.3  1229.0  2248.3  3758.3 13619.8  64779.7    64800
read      436.9   390.6   101.3   171.2   195.4   382.9   508.6   562.6   598.8   641.1   695.6   794.4  1083.6  3889.0 14341.1  19297.5    19369
read      417.7   371.5    93.8   173.0   196.8   389.3   488.9   529.8   556.0   584.9   623.5   682.2   873.3  4776.1 14155.3  13336.5    13281
read      423.4   516.5   101.3   177.6   202.2   393.4   483.8   521.0   545.2   573.1   607.3   668.3   894.7  6522.9 30683.4  12225.0    12260
read      452.6   429.9    86.8   166.5   188.2   332.6   434.9   508.7   566.7   640.6   790.0  1291.5  1918.5  3719.3 10964.6  46661.9    46783
read      521.0   412.8    93.8   194.5   222.7   407.9   526.9   609.8   681.4   783.4   941.3  1241.8  2038.1  3371.8  9785.7  81920.3    82008
read      459.6   430.9    86.8   167.1   189.8   346.1   460.5   540.2   594.3   673.5   806.0  1237.1  1712.6  4114.4 12342.3  38191.1    38136
read      376.4   396.4   109.4   186.3   211.2   356.8   405.0   429.8   447.5   467.1   494.6   538.8   756.3  5338.5 12796.0   6626.2     6565
read      694.5   430.6    93.8   205.5   251.9   646.4   797.0   885.0   951.9  1037.7  1154.8  1355.4  1850.3  3091.6 12698.0  87552.4    87407
read      444.1   453.0    93.8   165.6   186.6   319.0   408.9   474.6   530.0   600.7   741.6  1314.8  2145.8  3436.0 10999.0  54623.5    54487
read      442.0   433.4    93.8   176.9   200.4   337.7   420.7   478.6   525.5   587.5   697.7  1120.8  2157.4  3457.6 13118.6  66271.9    66256
read      444.7   380.2    93.8   183.1   207.9   350.0   434.2   493.4   540.0   606.8   724.9  1066.0  1950.7  3210.1 10073.5  73507.7    73579
read      452.3   421.0    93.8   173.0   197.1   375.7   507.9   575.8   622.1   680.8   758.5   927.8  1255.0  3977.3 14100.0  23594.2    23629
read      442.6   391.6    93.8   178.1   202.4   342.8   426.5   484.7   531.4   594.6   713.4  1102.5  2057.6  3220.9  9323.1  67847.2    67733
read      741.7   451.5    93.8   204.3   263.2   707.4   844.8   926.9   991.9  1072.6  1184.0  1371.0  1856.5  3921.4 13999.0  97642.2    97656
read      540.7   492.3    93.8   177.6   203.4   404.9   561.6   666.0   746.9   853.3  1013.6  1329.1  2174.9  3901.4 14721.7  66460.4    66502
read      443.0   445.4   101.3   170.5   194.7   373.7   501.3   561.8   602.0   651.7   721.0   854.0  1177.3  4712.3 13511.2  21509.5    21517
read      431.3   372.9   101.3   174.0   198.5   389.8   506.7   554.9   587.1   626.1   673.8   753.2   990.0  3565.8 12626.6  17116.0    17103
read      441.8   411.8   101.3   173.3   197.8   383.7   507.8   562.2   597.2   641.1   697.5   807.4  1124.4  5087.0 13628.3  20620.9    20652
read      743.5   411.3   101.3   211.6   276.2   714.7   854.3   935.7  1000.6  1079.6  1186.2  1364.7  1762.9  2796.2 12592.6  96796.2    96810
read      742.1   462.8    93.8   203.0   262.7   703.2   843.7   926.8   992.2  1071.8  1178.6  1369.0  1910.7  4140.7 14905.3  88718.5    88816
read      711.7   397.4    93.8   219.0   293.9   673.3   805.7   886.2   947.0  1023.4  1129.1  1305.0  1739.5  2984.4 12363.5  80553.5    80558
read      737.5   457.4    93.8   201.0   257.7   695.3   840.3   926.3   992.3  1074.0  1183.3  1383.6  1964.0  4029.1 12926.6  88740.0    88952
read      534.1   487.4    93.8   183.6   213.0   402.6   523.9   610.0   690.4   812.2  1009.3  1374.9  2170.6  3963.6 13584.7  76405.9    76411
read      453.3   481.6    93.8   168.8   191.3   353.0   472.6   545.1   594.9   665.0   778.0  1118.1  1502.4  4006.1 19198.9  32562.7    32634
read      470.4   399.9    93.8   188.8   213.7   366.9   458.0   517.8   566.9   639.3   785.9  1168.6  2102.5  3420.9  9109.5  78644.9    78647
read      452.5   436.3   101.3   181.2   205.4   349.0   434.1   492.5   536.9   599.6   720.5  1117.3  2155.3  3576.3 11864.1  72716.5    72742
read      424.9   451.8   101.3   172.7   197.5   395.2   496.1   535.3   561.2   589.6   628.0   687.0   965.4  5243.5 16432.6  14625.7    14576
read      451.9   414.2    93.8   172.1   196.5   383.7   509.4   565.2   604.6   650.5   722.7   917.8  1265.7  5078.0 13029.9  22558.4    22504
read      431.2   353.3    86.8   177.9   202.8   346.0   433.7   490.4   532.5   588.9   681.5   970.1  1881.1  3210.5  9112.3  69758.4    69897
read      467.3   342.6    93.8   200.0   227.4   392.1   480.9   536.7   583.1   645.6   753.9  1001.7  1718.8  2928.7 10401.3  83480.7    83514
read      434.4   418.6    86.8   174.9   199.5   339.6   422.7   479.0   522.7   580.1   679.6  1028.9  2020.2  3393.5 12769.5  72987.5    73036
read      428.2   352.1   101.3   171.3   195.6   388.1   506.6   555.0   583.5   618.0   663.6   741.8   989.8  3849.9 14512.3  19457.9    19473
read      437.4   402.9    86.8   169.0   191.7   334.1   427.6   492.3   541.7   602.2   711.6  1131.7  1948.6  3107.6 10386.4  54536.7    54572
read      445.2   397.4    93.8   182.2   207.0   347.3   430.3   486.9   531.6   591.8   714.8  1092.0  2027.1  3270.1 11415.5  77045.9    77156
read      698.7   392.4    93.8   215.2   287.6   669.6   793.1   865.4   923.5   997.1  1095.2  1257.7  1647.3  3205.6 12170.9  99686.0    99621
read      439.2   374.1    93.8   168.6   192.0   358.0   477.4   541.0   587.5   649.9   741.9   988.7  1365.4  3909.0 13298.0  30040.7    30063
read      683.0   356.9    93.8   221.6   292.1   651.5   776.0   849.7   908.0   981.3  1078.6  1237.1  1603.2  2466.0  9606.7  94019.9    94128
read      444.8   394.2    93.8   166.4   188.0   328.6   430.2   502.5   554.6   628.7   764.1  1268.6  1885.5  3379.8  9492.2  46017.0    46033
read      412.4   367.3   101.3   170.6   195.6   390.2   488.3   522.9   545.3   574.7   612.2   674.4   867.5  3759.9 11878.3  15364.9    15324
read      443.7   397.0    93.8   170.8   194.0   345.9   448.4   514.9   566.5   634.3   738.8  1139.7  1731.4  2427.6 12934.6  44781.5    44734
read      442.6   358.7    93.8   170.3   193.5   346.6   454.8   524.1   578.3   646.8   753.8  1129.9  1594.2  2461.2  9529.8  39521.9    39572
read      409.2   338.0   101.3   171.4   195.4   394.3   486.9   524.7   550.6   579.9   615.7   671.7   816.4  4029.5 13045.2  14873.0    14842
read      422.6   381.1   101.3   170.5   194.7   379.4   491.4   546.2   581.5   621.0   672.0   760.0   989.6  3830.3 15956.8  20560.2    20629
read      692.2   407.6    93.8   204.0   271.2   660.2   783.3   856.9   915.6   989.6  1089.5  1260.2  1713.6  3697.2 12626.8  95458.9    95625
read      439.1   360.9    93.8   171.8   195.9   360.2   478.5   548.2   591.9   647.1   727.7   952.9  1387.4  3408.9 12023.6  33460.8    33481
read      439.0   373.4    93.8   173.2   196.4   344.3   438.7   502.9   550.8   613.4   706.1  1060.8  1900.8  2767.2  9783.1  54898.5    54887
read      444.6   337.5    93.8   172.4   196.0   357.6   469.4   537.2   584.2   641.0   730.8  1064.4  1627.8  2372.0  8036.2  41366.5    41304
read      443.9   380.2    93.8   171.8   195.3   346.3   450.3   517.6   564.3   624.6   717.2  1118.6  1835.2  2740.1 10539.0  47467.8    47541
read      705.4   415.1    93.8   207.1   271.5   657.7   797.3   882.0   947.4  1028.9  1138.9  1331.4  1842.0  3780.4 12020.4  98178.1    98244
read      459.2   358.6    86.8   182.3   208.5   367.1   469.2   534.2   587.1   658.4   777.7  1060.4  1814.6  2901.3  9832.0  67651.8    67616
read      448.5   385.5    93.8   176.2   202.2   382.5   504.2   562.2   603.8   650.4   716.6   879.2  1352.8  3765.0 11857.3  31344.6    31298
read      450.0   346.9    93.8   173.4   197.3   363.5   481.8   548.0   593.6   650.0   734.2  1100.1  1598.7  2544.0  9191.5  37583.9    37651
read      471.5   432.3   101.3   173.0   193.4   364.1   505.7   582.6   638.0   716.4   864.1  1151.6  1484.3  4240.3 12760.9  26105.3    26110
read      465.4   488.0    93.8   174.5   196.0   334.4   428.3   494.2   549.4   624.5   781.6  1346.2  2327.8  3862.5 11958.3  56018.8    56017
read      473.4   435.1    93.8   169.4   191.0   344.7   465.4   553.0   613.3   702.3   889.8  1323.2  1787.9  3856.8 12747.8  35756.1    35809
read      466.8   511.1    93.8   169.6   191.3   337.8   443.7   523.2   580.3   657.5   802.6  1341.5  1965.2  4853.8 15636.0  44683.7    44588
read      455.1   434.4    93.8   170.1   192.4   337.3   436.3   504.5   557.4   625.1   738.0  1238.1  2250.3  3431.7 10215.2  53995.2    53954
read      462.7   505.9    93.8   164.7   184.5   314.7   412.3   483.8   547.1   628.1   824.7  1488.5  2333.3  3677.2 13240.7  51655.0    51549
read      764.4   467.6    93.8   200.2   241.9   729.7   890.3   982.8  1052.7  1139.3  1264.3  1474.2  1978.4  3212.1 12713.8  89123.1    89191
read      433.1   399.9   101.3   168.5   191.1   384.7   497.0   550.0   587.3   632.7   696.0   807.1  1081.8  4233.9 12570.8  14802.9    14770
read      455.9   418.4    93.8   172.3   195.4   344.2   444.2   509.6   559.8   625.1   738.4  1205.1  2189.7  3298.1  9612.0  53658.9    53596
read      435.0   444.9   101.3   173.3   197.3   395.8   499.6   543.2   573.9   609.9   658.1   741.3  1015.5  6948.3 14560.1  14715.0    14673
read      462.6   403.3   101.3   169.9   192.3   351.8   465.5   542.1   592.6   671.4   816.0  1248.1  1737.5  2989.7 12171.5  38445.8    38491
read      735.3   445.1    93.8   199.8   256.5   702.5   841.8   924.0   987.6  1066.2  1174.3  1363.3  1858.0  3842.0 13620.0  90096.3    89969
read      483.0   445.6    93.8   178.7   203.4   358.5   463.0   535.0   595.2   690.7   871.0  1278.2  2243.5  3226.3 11684.4  68031.5    68028
read      454.9   393.7    93.8   169.9   192.1   357.1   478.0   548.4   598.8   666.6   779.1  1137.7  1573.0  3469.9 10247.6  32114.2    32055
read      361.6   263.9    93.8   159.4   177.8   319.6   424.8   476.4   509.6   541.5   578.0   630.5   781.2  2071.3 10435.9  37331.2    37193
read      366.1   259.9    93.8   161.2   180.0   335.2   438.6   481.7   507.5   534.6   566.0   611.8   745.6  2498.6 10055.7  28337.4    28379
read      328.0   195.0    93.8   158.6   176.1   287.6   357.1   401.1   434.3   473.3   524.9   603.3   844.2  1436.1  6657.7  94775.1    94935
read      368.6   265.3    93.8   164.1   183.7   350.3   444.2   478.8   499.1   521.7   546.7   589.2   719.1  2577.6 10324.6  22825.4    22842
read      356.6   213.3    86.8   160.0   178.5   315.3   413.8   465.1   499.4   535.5   575.4   630.6   794.1  1381.0  7185.3  45658.1    45661
read      361.6   287.3    93.8   160.0   178.6   321.7   424.6   473.7   504.4   536.1   571.5   622.1   778.2  2781.8  9786.7  36823.9    36908
read      331.7   201.2    93.8   157.0   174.6   289.3   362.2   408.4   443.3   484.6   536.9   616.4   855.8  1456.2  7177.5  85282.6    85438
read      362.1   220.0    93.8   161.9   180.9   332.8   433.0   476.3   500.8   526.2   553.2   594.3   732.3  2557.7  7729.6  27548.7    27437
read      356.1   249.7    93.8   159.0   177.8   315.7   412.9   464.3   497.9   531.3   567.5   618.6   771.1  2455.2  7338.1  42680.6    42518
read      361.3   261.0    93.8   161.5   180.4   326.9   428.9   476.2   504.0   532.2   564.3   612.5   750.8  1980.6  8449.8  33568.7    33624
read      327.6   211.8    93.8   158.9   176.6   287.8   356.5   399.5   432.3   470.8   521.7   594.9   826.8  1408.3  7935.6  95441.5    95444
read      358.8   214.4    93.8   160.0   178.8   320.0   421.3   471.6   503.6   535.4   571.5   622.9   783.3  1935.4  7447.8  37792.7    37788
read      355.0   238.4    93.8   159.2   178.1   313.0   407.6   460.1   495.8   532.3   572.3   627.3   806.7  1799.7  8014.7  47193.3    47233
read      356.1   221.2    93.8   158.9   177.6   316.4   413.7   465.1   498.3   531.7   568.9   622.3   796.2  1802.2  7792.0  41757.7    41812
read      359.5   286.0    86.8   159.8   178.5   319.7   419.3   469.3   502.0   533.3   567.9   617.5   770.7  2084.9  9901.7  38462.5    38280
read      347.6   209.5    86.8   158.1   176.7   306.9   395.1   446.1   481.3   520.6   563.8   622.2   799.5  1497.7  7589.4  54766.1    54616
read      352.8   192.8    86.8   159.5   178.1   312.2   407.3   459.0   494.5   531.7   571.7   626.6   801.4  1409.2  5852.8  49463.8    49483
read      354.1   261.3    86.8   160.5   179.2   311.4   402.0   453.3   489.7   528.3   569.7   627.0   813.7  1779.1  9210.1  53224.1    53270
read      369.2   260.9    93.8   165.4   185.7   332.5   432.4   482.9   513.3   542.0   575.6   625.0   798.0  2191.8  9424.0  36088.1    36048

Total QPS = 54131.7 (97437024 / 1800.0s)

Total connections = 64
Misses = 0 (0.0%)
Skipped TXs = 0 (0.0%)

RX 24066945422 bytes :   12.8 MB/s
TX          0 bytes :    0.0 MB/s
Warning! Detected max cpu usage > 95%
CPU Usage Stats (avg/min/max): 99.95%,50.25%,100.00%
