Random waveform, random seed
Total number of intervals = 600 (62699, 52312, 97181, 65506, 11428, 28887, 93676, 62129, 59421, 50331, 55956, 55536, 39047, 21846, 37453, 28799, 33197, 29317, 98732, 95242, 64622, 67050, 17535, 58453, 27716, 80564, 92698, 57099, 75771, 6569, 61563, 53286, 31013, 11068, 56366, 19159, 83878, 28656, 93264, 60778, 62999, 50623, 16771, 54419, 63679, 82443, 28830, 83092, 16381, 45996, 66008, 85463, 51443, 30337, 39740, 81197, 88016, 30484, 47181, 22223, 92780, 96140, 50929, 31187, 77212, 87754, 83882, 83011, 87418, 39067, 78128, 90157, 92049, 68634, 37673, 14462, 8828, 38998, 55757, 35609, 5164, 15099, 70723, 97275, 17718, 6878, 34332, 20478, 31255, 74333, 57582, 18651, 13056, 31318, 85935, 13364, 68416, 91941, 61338, 73615, 63479, 45513, 19358, 12568, 97731, 90184, 77059, 89416, 89590, 70375, 36037, 73421, 35456, 99596, 77564, 24873, 74177, 99735, 41035, 99243, 37598, 85824, 45584, 66162, 16123, 84528, 20401, 69108, 27298, 74348, 23969, 91586, 83161, 34235, 91798, 29165, 15534, 60103, 25708, 50227, 8512, 40499, 20976, 42455, 14818, 95045, 77330, 76546, 13524, 98524, 22049, 22961, 59076, 62067, 65405, 24560, 37797, 19553, 60658, 38122, 58240, 69482, 48576, 10735, 72207, 45304, 16292, 66737, 85685, 85683, 53019, 92296, 45040, 48940, 49177, 40055, 66938, 47379, 31190, 31797, 66971, 21308, 8138, 28337, 64146, 39521, 14479, 91526, 12391, 64992, 10236, 47096, 15469, 14932, 18954, 65684, 55270, 25445, 95012, 94632, 65712, 54114, 70981, 55442, 73182, 10690, 63424, 75864, 50842, 79994, 16789, 72213, 53776, 84634, 97697, 82161, 49404, 42861, 97816, 98818, 15015, 87773, 24248, 30671, 43040, 59397, 40857, 46716, 6709, 39820, 9894, 86345, 65230, 23795, 7205, 17679, 18216, 19470, 92503, 9790, 51271, 75145, 29489, 37655, 6042, 46938, 28854, 6101, 93216, 11897, 26925, 81428, 73449, 23112, 26461, 76634, 69116, 62037, 44549, 57287, 11286, 8971, 61142, 96577, 76551, 94039, 82607, 44235, 8410, 36830, 8238, 95840, 45802, 34937, 28067, 88158, 41987, 33960, 41943, 67584, 71998, 48774, 8584, 9696, 80548, 19535, 43568, 6820, 14079, 33076, 99914, 11377, 32709, 97564, 30839, 22808, 45014, 90468, 96342, 17547, 75806, 19740, 79641, 58691, 37243, 21873, 10159, 79288, 13208, 14700, 8871, 97686, 92364, 49966, 90227, 39911, 12894, 54321, 38630, 45027, 14136, 26426, 58791, 8103, 12148, 66936, 10708, 84040, 83623, 7640, 13693, 96771, 5491, 6398, 49142, 9384, 60890, 48923, 44958, 96074, 72952, 33184, 6608, 49874, 59994, 87652, 81663, 35143, 63468, 53559, 58765, 58885, 83145, 46275, 97307, 90014, 73645, 88148, 62737, 21557, 19148, 5130, 14885, 82005, 85595, 96598, 46867, 61704, 40773, 61588, 97643, 36813, 9361, 66261, 54119, 58858, 92086, 32298, 36489, 66387, 91211, 52392, 20248, 63442, 99044, 15116, 67873, 85932, 55426, 79330, 57193, 36129, 14180, 11137, 72323, 94940, 18080, 8591, 42831, 76685, 67989, 28979, 10636, 12963, 87711, 22730, 66859, 42618, 95761, 47819, 13860, 53411, 40235, 46172, 69092, 46356, 27951, 28103, 29986, 40635, 27258, 63801, 51696, 94120, 19008, 17054, 49914, 71907, 37737, 60373, 99196, 7133, 42904, 60487, 13249, 39818, 64518, 33694, 25913, 83518, 52510, 90311, 27810, 39892, 70727, 76123, 29341, 31031, 23217, 81150, 63570, 50919, 49684, 94161, 42183, 5414, 43237, 57443, 59814, 9322, 61471, 34067, 28331, 59092, 35707, 32700, 39439, 61115, 32908, 29807, 63726, 23323, 50748, 30871, 78872, 54640, 85401, 63449, 22902, 11311, 59347, 47788, 59252, 64862, 10319, 7673, 91151, 81390, 98463, 43832, 84111, 50598, 63895, 14648, 83092, 20963, 14397, 46589, 53233, 93671, 72658, 33657, 66305, 40870, 79157, 96897, 37718, 20522, 7588, 96917, 82707, 10106, 34924, 82994, 78139, 84193, 94191, 65117, 21764, 85070, 17527, 16736, 24206, 85216, 80575, 84950, 76130, 52457, 64862, 20623, 88490, 13110, 78875, 11855, 75792, 78819, 22785, 34405, 12192, 42410, 27812, 63587, 56119, 41010, 54271, 52533, 98399, 6840, 69346, 33615, 30037, 41358, 19472, 24762, 18918, 30403, 10959, 27237, 92424, 99616, 40532, 6177, 42623, 80929, 53710, 27528, 48706, 99839, 72228, 29736, 7223, 40773, 52948, 40580, 47316, 11909, 38893, 99274, 86838, 83833, 22462, 30205, 97013, 78133, 85807, 42812, 37063, 37676, 69554, 24112, 21967, 76931, 21899, 58552, 83863, 51944, 77124, 30585, 26157, 94819)
Average QPS expected = 50692
Timestamp start: 1653409441583
Timestamp end: 1653411242205

#type       avg     std     min      p5     p10     p50     p67     p75     p80     p85     p90     p95     p99    p999   p9999      QPS   target
read      534.1  1531.7    74.4   142.9   167.6   327.4   398.5   439.6   469.0   505.8   564.6   874.8  6539.8 24488.7 37157.0  62550.0    62699
read      336.9   336.3    80.4   138.3   159.1   308.0   381.1   422.1   449.6   478.6   514.1   575.5   792.9  3884.0 10002.9  52155.0    52312
read      330.5   247.0    74.4   145.0   166.7   301.0   367.2   405.1   432.7   464.2   504.6   576.4   794.0  2882.0  8130.8  97312.7    97181
read      350.3   382.2    80.4   141.1   162.0   312.1   385.5   426.7   454.8   486.4   528.5   603.8  1061.8  3894.3 15294.3  65561.3    65506
read      351.5   370.0    86.8   146.9   168.3   319.9   385.3   422.2   447.2   476.5   524.0   596.1   794.4  4944.9 13517.4  11392.7    11428
read      420.1   417.9    86.8   143.3   165.2   347.2   454.0   533.4   598.4   679.6   779.2   916.7  1157.6  2780.3 15932.1  28944.3    28887
read      503.9   864.4    80.4   161.3   190.6   353.0   430.4   484.2   534.9   622.5   836.9  1377.8  2560.8 11121.4 31352.1  93877.0    93676
read      345.1   363.2    80.4   141.6   162.5   314.2   386.9   426.7   454.2   485.1   524.2   586.4   804.4  4298.9 11129.0  62284.7    62129
read      339.3   260.3    74.4   139.1   159.7   311.6   383.8   425.2   453.5   484.1   521.9   582.6   836.7  3404.7  8582.4  59440.0    59421
read      355.1   451.1    80.4   139.1   159.9   319.0   392.3   431.7   460.9   495.6   540.0   616.0   919.1  5053.3 22086.6  50198.7    50331
read      340.1   287.9    80.4   137.2   157.7   310.2   381.2   421.5   449.9   481.4   522.1   588.7   846.9  3890.6  9797.2  56002.0    55956
read      341.1   436.7    74.4   135.6   155.9   303.0   375.7   416.5   444.9   474.8   512.3   577.3   877.9  4300.3 14831.9  55616.7    55536
read      422.7   432.9    80.4   136.0   156.3   319.5   435.1   512.5   587.4   697.7   843.6  1040.4  1407.2  3685.1 13231.6  39258.0    39047
read      407.6   493.5    80.4   142.7   163.7   341.6   442.2   512.4   567.1   631.0   704.5   817.1  1043.5  5336.0 28778.2  21985.3    21846
read      412.7   314.0    80.4   140.2   161.1   332.5   441.7   518.2   588.9   676.2   796.0   957.8  1244.4  1887.8  9236.5  37309.0    37453
read      423.0   344.6    80.4   143.1   163.7   340.3   456.7   544.5   616.4   702.6   802.6   929.2  1225.8  3625.9 11464.7  28914.3    28799
read      426.7   514.2    80.4   142.9   163.7   335.5   446.9   527.4   598.4   680.7   787.8   961.8  1341.1  4323.1 16301.5  33092.7    33197
read      402.7   412.0    80.4   139.4   160.5   332.7   441.3   513.3   576.1   645.4   730.3   865.3  1093.2  2681.4 15156.5  29494.0    29317
read      513.6   938.5    80.4   165.5   197.0   371.2   452.2   504.2   549.7   625.0   772.4  1225.0  2663.3  9835.3 32462.2  98915.3    98732
read      332.4   253.5    80.4   144.4   165.3   302.1   368.8   406.4   433.6   465.1   506.8   578.8   826.0  2647.1  8659.7  95346.3    95242
read      354.8   453.0    80.4   139.5   160.1   315.6   389.9   431.3   460.3   493.8   536.1   606.5   914.5  5620.1 21830.9  64571.7    64622
read      345.1   359.6    80.4   140.8   161.7   309.4   382.4   423.7   451.9   482.9   523.4   589.4   861.4  4636.7 12899.8  66889.3    67050
read      370.7   457.2    80.4   139.9   160.2   326.3   414.5   465.1   504.8   550.8   606.8   693.4   868.1  5013.6 25278.9  17607.7    17535
read      481.9   614.6    74.4   146.1   170.1   339.1   449.6   532.3   610.6   723.1   900.3  1205.6  2525.9  6935.5 16751.7  58400.7    58453
read      425.9   494.5    80.4   143.0   164.3   340.9   456.3   540.9   604.3   677.2   775.0   914.3  1236.6  5611.3 21697.0  27558.0    27716
read      542.1  1102.5    74.4   152.4   180.7   352.1   435.0   489.3   535.0   605.1   857.6  1619.8  2929.5 12620.4 35399.6  80504.0    80564
read      333.0   314.7    80.4   143.8   165.3   302.3   369.3   407.3   434.5   464.7   503.8   574.1   816.0  2850.7 12657.3  92608.3    92698
read      346.2   430.6    80.4   139.9   160.5   307.5   380.8   423.0   451.4   481.4   517.2   579.2   924.9  4693.7 13883.5  56928.0    57099
read      331.6   283.2    80.4   138.8   159.5   303.1   372.9   411.6   439.3   469.5   507.5   571.8   796.0  2703.9 11550.3  75896.3    75771
read      370.3  1021.5    93.8   157.9   181.3   298.5   350.4   379.8   400.1   424.8   457.6   520.6   844.2 11413.7 42628.7   6590.7     6569
read      523.6  1139.5    80.4   144.9   170.1   336.7   419.6   469.9   510.8   574.8   747.0  1383.8  5197.0 11509.3 32364.7  61257.7    61563
read      341.3   294.0    80.4   139.4   160.0   313.3   385.3   425.9   453.1   482.9   522.0   588.7   837.0  3477.7  8702.2  53155.3    53286
read      404.4   361.3    80.4   140.4   161.0   328.1   433.0   494.5   559.1   642.7   743.7   899.1  1201.0  4206.0 12308.3  30900.0    31013
read      349.9   328.1    86.8   145.3   167.6   324.4   399.8   436.6   462.2   493.5   532.7   592.3   723.7  4675.5 11878.7  11209.3    11068
read      444.6   434.4    74.4   142.3   165.3   331.9   441.5   509.3   579.1   683.8   850.3  1153.9  1745.8  4570.4 15089.4  56329.0    56366
read      401.5   506.3    80.4   144.3   166.1   343.6   437.7   503.3   551.1   599.7   664.2   766.4   980.8  6796.0 28773.3  19348.0    19159
read      509.0   928.2    74.4   153.3   180.4   347.1   429.0   483.9   536.6   648.6   901.5  1416.8  2573.4 10446.4 32024.5  83684.0    83878
read      418.8   552.0    80.4   141.2   162.2   333.2   436.9   501.7   556.9   628.6   735.1   895.2  1332.3  6273.0 26659.4  28643.3    28656
read      499.4   917.6    74.4   155.7   185.0   351.2   425.7   477.1   528.0   614.3   791.3  1351.8  2559.1 11060.7 32439.5  93351.0    93264
read      351.0   444.8    74.4   140.1   160.9   314.2   388.0   429.2   456.1   486.7   527.3   594.8   913.5  4022.2 20405.4  60991.7    60778
read      340.9   244.4    80.4   138.3   159.4   310.9   383.9   426.0   454.5   486.2   526.1   592.4   885.6  2841.3  8089.4  63025.3    62999
read      421.4   371.9    80.4   142.2   165.5   338.0   445.0   502.5   558.5   641.0   771.3   980.7  1475.0  3619.9 12565.4  50659.7    50623
read      386.1   429.4    86.8   147.7   169.3   338.5   431.1   485.7   525.9   570.1   626.3   711.8   896.2  6498.4 12848.8  16900.3    16771
read      479.3   664.8    74.4   141.9   164.8   331.0   442.5   522.9   605.5   734.8   928.4  1258.9  2406.5  6917.6 30046.8  54353.3    54419
read      368.6   305.3    80.4   144.9   166.6   327.1   405.9   448.5   479.4   519.9   575.6   683.9  1149.5  3492.3  9384.6  63612.7    63679
read      337.6   262.2    74.4   141.2   162.7   307.5   376.9   416.0   444.1   476.2   519.6   591.8   848.4  2717.3  8565.9  82635.7    82443
read      405.2   474.6    74.4   143.3   164.6   333.2   431.5   489.7   541.9   619.4   716.0   858.8  1174.6  4823.0 17348.6  28953.7    28830
read      453.2   625.2    74.4   148.8   174.3   336.8   416.0   465.4   507.4   578.5   770.7  1170.5  2093.3  8575.7 25525.7  83064.7    83092
read      371.3   486.8    80.4   142.5   162.9   328.4   407.4   454.8   492.3   536.3   590.2   678.2   855.0  5936.4 28305.7  16222.0    16381
read      445.4   453.3    80.4   139.5   162.4   332.4   450.4   532.4   616.0   739.9   906.7  1134.7  1570.5  3748.6 12158.3  45972.7    45996
read      366.5   369.3    74.4   141.2   162.8   316.4   395.2   438.7   469.6   510.2   570.8   702.4  1261.0  3604.0 10991.4  65972.7    66008
read      352.5   456.1    74.4   144.4   165.9   313.4   384.4   424.4   452.7   486.6   534.3   617.4   872.7  4396.7 13903.5  85685.7    85463
read      330.1   229.9    74.4   135.6   155.7   305.1   376.2   417.1   445.6   474.6   508.8   562.7   777.7  2279.9  7460.4  51359.7    51443
read      427.1   466.6    80.4   141.1   162.7   334.3   444.7   512.4   578.6   659.7   767.4   920.8  1474.4  6149.4 12870.2  30318.0    30337
read      465.4   573.4    80.4   144.8   167.1   342.9   464.3   559.2   644.7   749.0   879.3  1089.5  1724.7  6930.6 26885.2  39891.3    39740
read      480.8   787.8    80.4   148.9   174.6   339.4   420.6   470.0   514.5   602.8   840.8  1403.0  2209.8  9118.2 31562.6  81247.3    81197
read      333.3   299.9    74.4   142.4   163.1   302.9   370.9   409.8   437.5   468.3   508.1   580.1   784.4  3517.8 14473.9  87869.0    88016
read      420.0   487.6    80.4   142.2   162.8   333.4   440.0   505.6   569.8   652.0   766.2   928.8  1314.1  4648.7 19242.3  30427.0    30484
read      448.0   419.2    80.4   141.6   164.0   336.1   453.4   533.4   614.3   733.4   895.4  1145.6  1600.3  3839.9 12613.8  47189.3    47181
read      401.8   493.1    80.4   142.1   163.7   339.0   439.8   507.1   551.9   604.3   671.4   785.7   997.4  7041.7 28520.3  22383.0    22223
read      491.9   788.6    80.4   157.2   186.2   341.4   423.9   480.8   528.4   598.2   779.7  1506.8  2184.1  9691.7 31043.9  92490.3    92780
read      342.5   347.0    80.4   148.0   169.9   309.3   376.9   415.8   442.3   471.9   512.7   586.0   802.1  4282.4 10937.3  96021.3    96140
read      337.8   246.5    80.4   139.1   160.4   311.7   384.9   425.1   453.0   484.3   523.3   584.2   827.4  1984.1  7813.7  51062.7    50929
read      416.7   521.1    80.4   141.6   162.8   329.9   433.0   494.6   551.5   629.5   733.9   906.6  1354.6  5569.5 26087.0  31168.7    31187
read      489.9   746.5    80.4   150.2   176.0   351.0   435.2   488.4   535.1   612.6   835.7  1481.0  2389.9  9594.5 31306.4  77105.3    77212
read      337.0   344.3    74.4   141.0   162.4   303.5   372.1   411.3   439.1   470.0   510.4   580.9   807.0  4315.4 12403.4  87852.7    87754
read      333.2   282.6    80.4   141.3   162.2   302.8   372.4   411.0   438.1   469.2   509.8   577.8   803.2  3303.8 11034.1  83811.0    83882
read      349.7   474.3    80.4   143.2   164.3   308.3   377.2   417.2   445.0   476.0   517.0   589.7   920.3  4989.1 17634.8  83034.7    83011
read      333.1   234.3    74.4   141.6   162.6   303.8   372.3   411.5   438.3   469.2   509.4   578.3   810.4  2818.7  7500.4  87399.7    87418
read      423.3   499.0    80.4   143.6   165.7   337.1   440.5   499.6   551.6   631.1   752.8   944.7  1435.7  6624.6 19464.1  39060.7    39067
read      469.4   814.5    80.4   148.6   172.8   334.0   415.4   464.3   502.7   564.0   727.1  1294.5  2284.3  9949.3 31484.6  77922.0    78128
read      334.9   291.7    80.4   144.0   165.4   306.3   375.2   413.6   440.2   470.1   510.9   583.7   801.2  2476.0  9296.8  89862.0    90157
read      329.4   294.0    80.4   141.7   162.6   301.1   368.1   406.6   433.6   463.3   502.4   569.4   760.7  2671.1  9290.2  92087.3    92049
read      335.6   363.7    80.4   137.6   157.7   302.1   372.9   413.4   441.2   470.8   507.4   569.2   795.4  4113.1 11498.4  68533.3    68634
read      462.4   747.0    74.4   142.0   163.8   343.4   455.9   528.7   594.6   691.9   827.8  1032.1  1754.3  8068.7 31961.0  37575.7    37673
read      364.3   355.3    80.4   144.7   166.2   330.0   415.9   460.7   493.9   530.5   573.9   640.1   783.2  5002.5 15600.7  14444.0    14462
read      326.4   247.5    86.8   152.5   174.3   310.7   368.4   398.2   418.1   439.4   467.9   511.8   621.6  4250.2  8448.3   8753.0     8828
read      462.7   404.9    74.4   144.4   168.3   349.1   466.2   550.1   640.3   773.0   939.3  1175.9  1596.6  3795.2 12605.0  38832.7    38998
read      420.2   472.6    74.4   139.5   162.1   323.0   419.8   481.3   535.1   617.7   782.6  1071.1  1663.8  3879.0 12356.1  55919.3    55757
read      433.4   465.7    80.4   141.1   162.6   337.3   450.1   533.8   608.3   703.8   827.1   993.3  1381.6  5215.2 12271.2  35650.0    35609
read      309.2   351.0   101.3   163.7   183.1   280.8   324.4   345.4   362.0   380.6   403.8   446.1   718.4  4187.9 12632.2   5309.7     5164
read      373.7   250.6    86.8   153.1   175.8   343.7   428.4   475.0   509.6   549.0   602.9   681.2   828.7  1683.7  8466.2  14978.0    15099
read      522.6  1080.6    80.4   148.8   175.0   339.4   425.7   479.3   524.9   599.4   861.1  1465.6  2889.1 11132.6 32121.3  70636.3    70723
read      338.8   451.5    80.4   147.0   168.3   304.6   369.0   405.3   431.7   461.6   501.0   564.3   769.4  5257.7 15787.8  97335.7    97275
read      371.0   439.6    86.8   143.4   164.2   331.5   411.8   454.7   489.6   535.4   592.1   688.7   894.4  4551.3 17360.4  17749.7    17718
read      319.1   311.7    93.8   157.3   180.0   299.1   345.9   369.3   387.5   408.6   435.1   481.6   604.5  5277.2 10628.9   6944.7     6878
read      443.2   316.7    80.4   152.3   176.3   360.8   471.5   558.9   630.5   719.0   833.5  1008.2  1378.9  1822.9  9269.7  34394.0    34332
read      403.6   374.7    86.8   150.2   173.9   351.8   449.9   513.2   559.8   615.5   689.9   799.0  1001.5  2925.0 12868.7  20657.3    20478
read      432.7   347.1    86.8   148.7   171.7   360.0   464.2   542.1   608.8   691.6   800.0   950.9  1236.7  3453.8 12045.0  31237.7    31255
read      476.2   910.5    80.4   146.5   171.2   335.5   416.5   464.0   503.5   557.8   689.0  1157.0  2770.8  9989.3 32388.5  74177.7    74333
read      341.3   294.8    74.4   140.3   161.1   311.3   387.3   427.3   455.0   486.8   526.1   584.9   834.1  2919.2  8585.4  57529.3    57582
read      377.3   318.3    80.4   145.9   166.4   335.6   425.1   476.3   518.3   566.4   624.6   713.3   915.7  3392.9 11415.6  18711.7    18651
read      350.2   307.0    74.4   143.1   164.9   323.9   400.7   440.1   467.3   499.2   540.1   597.0   740.3  3904.4 11970.2  13217.0    13056
read      419.2   429.0    80.4   144.7   166.9   343.4   449.9   525.2   587.8   660.8   759.6   909.6  1180.7  3855.8 19286.5  31241.0    31318
read      467.2   836.2    80.4   152.8   179.5   344.7   422.6   469.4   507.8   559.3   646.8  1027.3  2273.6  9863.6 31795.6  85900.3    85935
read      367.4   566.6    80.4   147.0   167.3   328.3   393.9   429.8   459.1   497.2   542.8   615.7   810.9  8074.6 29664.1  13369.0    13364
read      445.9   728.1    74.4   147.4   170.7   330.7   413.5   462.5   500.3   553.9   666.1  1014.6  2386.0  9641.3 30601.7  68553.7    68416
read      343.3   402.5    74.4   144.4   165.7   305.6   374.5   413.3   440.3   470.8   514.1   590.2   871.1  4613.7 16799.9  91746.0    91941
read      339.9   243.2    80.4   142.0   162.7   312.2   386.1   425.9   452.5   482.3   521.9   584.7   839.7  2385.9  7602.1  61513.3    61338
read      341.0   268.7    80.4   143.5   164.3   310.9   382.9   422.6   449.3   478.9   519.0   587.2   840.1  3662.8  8614.5  73600.7    73615
read      348.7   383.0    80.4   141.2   162.1   314.9   388.5   428.0   455.6   488.2   532.1   606.6   905.0  3483.4 12712.5  63541.3    63479
read      444.4   587.3    80.4   146.1   170.5   353.8   459.2   522.2   577.5   657.2   787.2   983.9  1480.3  8009.9 30493.4  45479.7    45513
read      407.0   640.6    86.8   144.8   166.0   342.9   438.1   507.3   554.2   610.3   679.8   786.9  1025.7  5724.0 35215.9  19361.3    19358
read      348.2   274.8    74.4   145.0   166.1   324.6   404.1   445.2   471.9   503.5   540.6   596.2   762.2  1802.7  8536.8  12595.7    12568
read      527.2   724.7    80.4   169.4   205.5   390.0   474.8   545.2   618.3   721.9   868.2  1425.9  2299.2  9633.5 30691.6  97521.7    97731
read      339.0   303.8    80.4   145.1   166.7   307.3   375.1   414.1   440.7   471.4   513.3   583.7   810.8  3717.1  8757.1  90235.0    90184
read      340.6   437.3    80.4   141.7   162.2   304.7   375.6   415.6   442.9   471.4   509.6   574.3   843.5  4903.9 12774.4  76754.0    77059
read      341.0   395.0    80.4   143.2   164.6   303.7   370.3   407.8   434.1   464.1   505.1   578.1   869.2  5329.4 12814.8  89498.7    89416
read      330.5   240.8    80.4   143.5   164.6   302.1   370.4   408.5   435.6   464.4   502.6   567.5   805.2  2760.8  6961.6  89850.7    89590
read      350.0   483.7    80.4   140.8   161.6   310.8   383.8   423.4   450.5   481.8   523.6   588.7   868.4  6862.1 23755.0  70569.3    70375
read      407.2   465.0    80.4   138.7   158.9   322.9   427.9   488.2   539.2   619.0   734.8   910.8  1351.1  5388.1 19574.8  36177.0    36037
read      511.8   936.4    80.4   148.8   175.1   347.5   432.4   488.2   538.7   625.7   853.9  1475.4  2662.3 10627.7 31970.6  73205.0    73421
read      435.6   558.1    80.4   145.4   167.6   342.0   447.3   512.5   576.2   668.1   792.6   975.7  1457.3  7252.2 28310.3  35544.0    35456
read      477.7   676.0    80.4   165.7   195.0   363.0   439.1   488.8   534.6   610.9   770.0  1142.5  2377.7  7806.2 31284.8  99537.7    99596
read      332.9   253.6    74.4   142.0   162.8   303.5   374.8   414.4   441.4   470.4   509.7   574.9   802.8  2622.8  8959.6  77592.7    77564
read      398.8   357.2    80.4   142.6   163.3   334.1   432.0   496.3   557.1   631.9   719.3   840.9  1087.8  4204.5 11234.1  24850.7    24873
read      512.9  1126.6    74.4   148.1   172.8   340.9   421.0   469.1   509.4   571.1   727.9  1347.2  4650.7 11741.8 32489.1  73692.3    74177
read      335.5   310.9    80.4   146.8   168.0   302.9   367.3   404.0   431.3   462.9   503.4   577.4   846.5  3350.3 10161.7  99871.7    99735
read      416.5   463.7    80.4   140.6   162.7   329.4   429.7   485.9   539.4   625.5   755.8   968.0  1454.4  5493.5 12164.3  41188.7    41035
read      435.9   490.9    80.4   160.1   186.6   341.1   416.8   463.8   502.6   560.3   687.0  1140.0  1832.7  4045.2 17225.9  99324.0    99243
read      446.6   585.4    80.4   148.5   172.4   354.0   450.0   512.2   569.6   652.6   773.9   959.9  1653.9  6930.2 24730.9  37584.7    37598
read      540.5   997.8    80.4   159.9   188.1   363.5   446.8   503.9   563.0   683.4   943.4  1468.9  2936.8 10880.0 32492.9  85719.3    85824
read      439.3   512.3    80.4   148.1   171.6   347.5   449.4   509.2   565.1   653.4   806.5  1023.0  1520.1  6504.2 17246.4  45833.7    45584
read      375.1   381.2    74.4   147.8   170.4   318.9   399.0   444.9   477.0   517.4   578.7   749.8  1333.6  3627.4 12985.0  66220.0    66162
read      382.6   343.5    93.8   151.7   173.8   345.1   427.7   478.5   520.3   564.5   619.4   708.8   900.0  4096.0 16359.7  16208.3    16123
read      474.2   958.2    80.4   152.3   177.2   335.4   410.2   453.9   488.3   539.3   649.6  1109.4  2656.1 10159.3 32316.4  84377.0    84528
read      397.2   441.4    86.8   151.2   174.0   352.3   441.8   497.7   539.6   588.1   649.9   750.1   984.6  3450.3 16220.0  20417.0    20401
read      505.2   996.9    80.4   152.5   178.0   344.0   426.7   475.0   519.7   591.6   817.8  1400.3  2733.3 10205.6 32009.1  69433.7    69108
read      403.9   489.4    86.8   152.8   176.4   350.2   443.1   496.7   545.7   603.2   678.1   797.5  1044.2  2897.0 31232.9  27386.7    27298
read      426.4   649.2    74.4   148.5   171.9   329.4   408.3   454.2   487.7   533.3   622.7   948.5  1950.4  8929.5 29834.3  74194.3    74348
read      409.8   445.3    86.8   149.9   173.1   350.5   443.0   503.1   548.5   610.2   681.9   797.5  1070.3  5401.8 12685.6  24010.0    23969
read      481.2  1055.1    74.4   155.5   182.7   343.1   414.8   459.0   495.1   545.5   640.3  1022.0  2617.3 11257.2 32410.5  91460.0    91586
read      330.2   263.2    74.4   144.5   165.2   303.4   372.1   410.1   435.6   464.2   501.2   558.0   776.5  2420.4  6792.6  83219.7    83161
read      427.9   497.9    80.4   149.4   172.0   340.7   439.0   500.5   558.0   649.9   771.7   945.6  1388.6  6542.2 16160.8  34241.0    34235
read      534.3   830.5    80.4   170.5   202.8   384.5   467.2   529.4   588.9   691.0   910.2  1498.6  2447.7  9309.9 31554.7  91826.0    91798
read      401.1   310.5    74.4   150.2   173.4   353.0   447.3   503.3   549.5   604.7   682.0   804.1  1071.7  2873.6 11271.5  29254.0    29165
read      371.8   327.9    80.4   148.6   169.5   337.7   424.7   471.2   508.7   548.9   596.9   670.4   814.8  3727.5 15338.8  15456.7    15534
read      421.9   635.7    80.4   148.6   171.9   328.3   415.1   463.9   504.7   557.5   658.4   910.9  1886.9  7331.4 31183.0  60070.3    60103
read      409.3   379.3    86.8   146.0   167.9   347.5   453.5   518.1   572.5   639.2   727.7   844.9  1123.6  2966.7  8028.3  25784.3    25708
read      458.2   428.8    80.4   151.7   175.8   355.1   468.9   548.9   626.7   729.3   856.4  1081.9  1614.7  4501.8 12909.8  50083.3    50227
read      383.0   751.8    86.8   159.7   183.2   331.3   396.4   426.9   450.1   481.0   522.7   583.5   818.4  9295.8 31831.6   8624.3     8512
read      461.6   415.1    80.4   147.6   171.8   354.9   470.6   559.4   641.1   747.6   880.9  1088.4  1631.6  4561.8  9973.1  40351.3    40499
read      419.5   521.1    80.4   149.8   172.4   353.5   461.5   527.3   574.7   626.3   691.2   808.2  1088.0  8141.8 29456.5  20984.0    20976
read      456.2   619.3    74.4   145.7   169.7   348.4   462.9   541.2   614.2   702.5   824.4  1015.6  1583.4  7672.5 24797.2  42235.7    42455
read      378.1   498.4    80.4   148.1   170.5   340.0   420.0   465.0   499.9   537.1   585.2   658.6   849.3  6740.6 30743.4  14783.3    14818
read      497.0   915.0    80.4   161.1   190.7   358.4   435.1   487.9   536.9   611.6   733.6  1095.4  2456.9 10064.9 31882.4  94835.3    95045
read      345.0   365.1    80.4   144.8   165.5   311.9   385.0   424.3   452.4   485.6   529.4   601.9   846.1  3486.7  9427.5  77088.0    77330
read      356.7   552.0    80.4   142.1   163.4   312.1   384.6   424.5   451.5   482.7   525.4   594.2   873.9  7504.2 28819.2  76348.0    76546
read      364.3   387.8    80.4   148.4   171.0   337.2   408.0   439.3   469.7   507.7   553.5   623.1   765.2  6505.9 12719.3  13423.0    13524
read      464.4   910.5    80.4   159.3   186.7   346.6   421.7   465.1   500.5   548.4   631.1   931.1  1990.5 10702.4 32328.8  98119.0    98524
read      376.8   304.6    86.8   143.2   164.4   332.2   420.7   465.8   510.0   565.9   639.4   747.5   950.0  3272.0 10330.3  22076.7    22049
read      417.4   471.2    86.8   148.2   169.6   350.4   459.2   528.9   583.1   642.9   722.9   836.4  1092.1  4901.5 30150.1  22994.0    22961
read      440.9   494.2    80.4   146.2   170.3   335.0   430.4   489.2   541.1   620.7   763.6  1056.1  2319.0  5089.8 12593.4  58949.3    59076
read      347.2   416.1    80.4   140.2   161.4   311.6   382.3   422.8   450.7   481.4   520.2   581.9   858.7  5219.9 14624.0  61857.0    62067
read      346.6   278.2    80.4   142.2   163.5   316.0   390.5   431.3   458.8   491.0   533.7   606.3   869.0  3131.0  9104.8  65442.0    65405
read      398.2   493.1    80.4   145.5   167.6   343.3   436.5   484.8   526.6   582.7   656.1   779.5  1050.2  5315.7 25581.2  24575.3    24560
read      449.6   737.0    80.4   148.5   170.8   350.4   460.2   534.7   597.8   676.5   783.9   937.3  1326.0  9353.3 32354.6  37792.0    37797
read      391.8   304.3    86.8   145.4   166.9   343.8   445.4   508.4   550.6   597.9   655.8   763.6   972.5  4023.1  9346.6  19601.3    19553
read      463.1   889.9    80.4   145.4   169.3   329.4   412.5   459.6   498.6   547.5   657.9  1104.1  2194.9 10311.6 31947.2  60476.7    60658
read      425.1   410.9    80.4   146.8   170.0   350.2   456.5   520.2   576.7   647.8   753.7   924.9  1324.3  3875.1 16104.6  38041.0    38122
read      448.0   429.6    80.4   146.1   171.3   344.3   455.1   531.4   601.4   705.7   848.2  1091.6  1651.5  4516.4 12448.4  58067.0    58240
read      355.4   344.6    80.4   143.6   164.8   314.8   390.0   430.4   459.2   494.5   541.4   630.6  1139.9  3357.8 12960.9  69418.0    69482
read      411.1   330.5    80.4   144.3   168.7   339.2   440.7   496.5   543.0   612.3   726.6   929.4  1357.2  3980.0  8321.6  48792.3    48576
read      355.8   295.1    86.8   151.2   172.9   333.1   403.9   435.8   458.5   485.3   521.6   579.7   754.6  4068.3  9693.3  10703.0    10735
read      547.5  1076.6    80.4   153.5   180.9   353.6   439.9   501.6   558.7   688.3   957.6  1483.8  3462.1 10936.6 32369.4  72214.0    72207
read      424.8   460.4    80.4   144.5   168.6   343.3   446.4   503.5   549.9   621.6   744.7   958.3  1410.3  7062.5 12080.8  45394.3    45304
read      388.0   353.7    80.4   150.3   172.4   351.1   432.4   485.3   522.9   562.5   612.9   692.2   916.6  5196.1 12792.3  16346.7    16292
read      434.6   849.6    80.4   144.1   167.1   323.7   401.4   448.0   483.3   530.6   609.0   883.3  2570.2  9899.8 32287.4  66826.3    66737
read      330.1   306.4    74.4   143.0   163.6   301.8   370.6   409.7   435.7   465.1   503.3   568.6   765.4  2287.2 12517.3  85553.3    85685
read      351.2   363.6    80.4   147.1   168.9   313.3   384.6   424.3   453.4   488.6   534.9   617.4   936.6  4403.8  9387.8  85511.7    85683
read      347.6   330.9    80.4   141.4   162.6   317.1   392.8   432.4   459.3   491.6   533.7   601.4   848.7  3654.3 10293.5  53004.3    53019
read      333.1   272.0    74.4   145.1   166.4   303.6   371.5   408.5   434.5   464.6   505.1   573.4   789.2  3367.1  7916.2  92550.0    92296
read      424.7   436.1    80.4   142.6   165.6   334.7   434.6   489.8   538.3   624.3   784.6  1056.5  1537.4  4256.7 12434.0  45060.0    45040
read      447.8   411.6    80.4   145.4   169.0   347.1   458.1   532.1   601.8   709.5   857.8  1102.9  1602.4  3984.6 14796.8  49070.3    48940
read      452.0   377.3    80.4   145.3   170.0   354.2   471.0   549.4   623.8   725.7   861.0  1085.3  1583.5  4320.4 12074.1  48926.3    49177
read      443.0   462.5    74.4   144.4   166.9   343.3   455.7   538.3   610.5   702.7   840.0  1034.2  1462.3  6233.4 10793.4  40078.0    40055
read      386.1   489.9    80.4   145.9   167.6   323.5   404.9   451.2   486.9   532.8   597.8   763.4  1435.7  4589.7 22965.4  67084.3    66938
read      422.7   384.6    74.4   143.7   166.4   331.6   433.1   492.0   544.4   626.3   785.2  1059.5  1522.5  3627.0 13410.4  47235.0    47379
read      430.3   433.7    80.4   143.7   166.1   350.1   458.8   536.0   600.8   683.0   793.8   931.3  1261.7  5441.0 11335.7  31358.0    31190
read      420.4   316.1    80.4   145.9   167.9   348.2   448.6   530.0   596.9   677.3   779.5   925.8  1206.5  3243.9  8865.4  31909.0    31797
read      476.4   966.9    74.4   147.9   171.5   331.8   413.1   463.9   502.1   551.4   671.0  1071.5  3195.4 10604.8 32521.2  66803.7    66971
read      401.2   370.6    86.8   144.4   166.6   346.6   441.3   500.6   545.5   601.4   673.0   785.9  1068.4  4849.2 10490.7  21401.3    21308
read      323.0   223.6    93.8   153.9   175.7   311.0   365.6   392.7   410.1   428.9   455.1   496.9   606.3  3663.4  8014.0   8175.7     8138
read      426.2   376.5    86.8   153.3   177.8   366.9   466.9   539.4   592.0   657.2   754.7   877.8  1097.3  3435.0 13565.2  28287.3    28337
read      447.1   881.7    80.4   145.2   168.1   324.5   403.1   448.0   481.8   526.6   595.6   904.6  2722.6  9471.2 31770.2  64022.0    64146
read      448.2   691.1    80.4   144.1   168.0   346.8   450.5   509.6   564.9   650.9   787.8   992.7  1479.7 10772.8 30342.3  39560.0    39521
read      375.1   398.1    93.8   151.5   173.0   341.9   426.1   474.6   505.2   538.3   579.0   636.8   829.1  3695.7 21021.6  14528.7    14479
read      497.4   782.1    74.4   160.7   189.2   360.2   439.3   495.4   545.5   635.1   841.5  1379.1  2088.2  9835.8 31122.5  91755.7    91526
read      473.1  1502.3    86.8   150.0   171.6   330.4   397.8   432.3   460.6   496.4   545.7   650.3  3519.1 30685.7 50258.9  12359.3    12391
read      538.5  1132.9    80.4   148.0   174.2   344.0   429.6   483.8   531.7   611.0   843.5  1394.0  5388.8 11692.3 32401.7  64858.3    64992
read      360.0   599.3    86.8   148.7   169.9   318.4   377.1   410.9   434.8   468.2   511.2   580.7   853.9  6603.6 31041.9  10254.3    10236
read      479.0   469.3    80.4   147.5   171.0   350.0   469.5   558.9   644.8   780.7   966.3  1276.9  1867.9  4649.9 12896.8  46932.0    47096
read      394.4   390.8    80.4   149.4   172.0   347.4   443.0   502.6   543.6   589.2   650.0   743.7   924.2  4054.1 12794.4  15449.3    15469
read      374.6   301.8    86.8   148.0   169.7   334.6   425.0   477.1   515.2   553.9   605.8   686.9   858.5  4635.4 10031.4  14862.0    14932
read      392.4   319.2    86.8   146.3   167.7   345.1   438.0   499.4   545.6   598.7   668.5   777.7   997.8  4033.5 15607.1  18835.0    18954
read      459.7   855.3    74.4   148.3   171.9   336.9   420.8   469.3   508.2   562.5   663.4  1002.0  2625.9  9476.9 31390.1  65505.3    65684
read      346.3   261.1    80.4   142.8   164.0   318.6   392.0   431.5   460.1   494.1   535.7   596.3   836.4  2928.6  9771.6  55446.0    55270
read      419.7   360.6    80.4   148.6   170.5   351.3   456.2   526.4   581.4   647.8   742.5   881.4  1167.5  3952.4 13286.0  25222.7    25445
read      525.6   829.3    86.8   170.5   202.6   382.1   463.2   519.2   569.0   645.1   808.8  1451.2  2610.6  8907.5 31539.7  94777.3    95012
read      341.3   249.2    80.4   146.6   168.3   311.2   378.6   417.5   446.1   481.2   529.1   607.3   851.1  2658.2  7505.6  94433.3    94632
read      361.5   460.1    80.4   146.4   167.5   321.3   395.0   434.1   463.2   499.1   544.0   622.6   958.2  5122.0 24448.5  65772.3    65712
read      370.4   405.9    80.4   147.3   168.7   327.6   406.4   447.4   476.8   513.8   562.0   643.3  1060.7  4434.6 12497.4  53955.3    54114
read      352.0   311.1    80.4   146.7   168.6   319.3   393.4   432.0   459.8   494.6   541.2   617.7   900.1  3534.9  8768.6  70998.0    70981
read      360.7   311.5    80.4   148.9   169.9   326.3   402.6   443.1   471.4   508.1   551.8   623.3   886.0  4142.9 11465.5  55572.3    55442
read      365.8   359.9    80.4   151.8   173.6   325.9   402.0   442.6   471.8   509.2   559.5   651.5  1038.9  3258.6 12441.7  72916.7    73182
read      392.5   577.1    86.8   155.5   179.5   340.3   411.5   449.5   484.4   523.8   570.4   646.7  1145.0  7317.6 30586.3  10725.0    10690
read      453.5   792.1    80.4   151.5   174.6   339.7   419.3   463.8   501.3   548.1   629.4  1030.9  2624.4  8593.1 31851.8  63260.0    63424
read      357.4   423.1    80.4   145.6   167.3   318.6   392.3   431.1   459.9   496.1   542.4   624.0   926.4  4303.4 14940.9  75928.7    75864
read      347.9   334.8    80.4   141.2   162.5   315.4   389.4   428.2   456.3   490.0   532.1   594.3   939.6  3231.3  9263.0  51036.7    50842
read      370.1   414.5    80.4   146.6   168.5   321.6   397.7   439.3   470.2   508.8   563.8   662.4  1327.6  4794.9 13072.8  79789.3    79994
read      392.7   556.9    80.4   146.2   168.5   342.5   425.6   483.5   525.3   571.8   629.3   721.1   939.5  6574.7 31054.2  16836.0    16789
read      487.5   819.5    80.4   151.3   176.4   347.0   428.6   480.3   522.6   582.6   735.1  1424.0  2585.2  7968.3 31660.0  72105.0    72213
read      358.1   438.0    80.4   144.0   165.3   321.8   397.7   435.1   464.0   499.6   541.3   610.8   881.6  4379.5 17258.4  54013.3    53776
read      348.1   309.5    80.4   145.7   166.9   313.1   385.4   424.2   451.7   486.0   534.3   613.3   876.0  3873.3 12001.5  84600.0    84634
read      347.4   346.9    80.4   152.2   174.1   313.1   381.0   419.2   447.1   482.1   529.7   609.8   847.8  3308.1 13494.5  97727.0    97697
read      350.9   313.6    80.4   145.5   166.4   315.4   386.6   426.8   456.7   493.4   542.2   628.9   920.2  3069.0 11219.4  82265.7    82161
read      344.7   311.9    74.4   142.3   163.3   315.9   389.5   428.8   457.0   490.4   531.8   594.9   850.8  2784.6  7781.1  49272.3    49404
read      459.2   569.7    74.4   144.0   167.1   344.6   457.5   534.3   605.7   719.0   890.0  1134.5  1637.7  5401.9 28404.2  42782.0    42861
read      399.4   372.5    80.4   156.7   180.7   336.4   409.6   452.1   486.2   532.4   608.8   798.7  1729.2  3931.2 10695.8  97670.0    97816
read      350.6   344.8    80.4   151.2   173.6   313.7   380.9   418.7   446.6   481.3   529.4   612.3   906.5  4314.9 12188.0  98548.0    98818
read      377.0   345.4    80.4   146.3   167.3   338.7   420.4   469.9   514.1   563.7   621.4   710.9   894.2  3876.9 12665.7  15076.0    15015
read      509.4   769.2    80.4   160.4   189.4   368.0   449.6   502.7   548.0   620.1   771.9  1454.4  2814.6  8061.9 31008.0  87619.7    87773
read      423.6   574.3    86.8   149.8   173.0   350.2   446.3   512.5   570.7   635.8   727.4   854.3  1172.2  6990.3 31414.1  24084.7    24248
read      420.1   303.3    80.4   150.4   172.8   351.6   461.4   539.7   602.1   674.2   763.2   891.9  1182.2  2666.5  8268.5  30685.3    30671
read      452.5   458.5    80.4   148.9   172.8   360.8   475.3   557.2   636.4   735.3   853.6  1040.0  1433.5  4247.9 19575.6  43434.7    43040
read      385.1   390.2    74.4   143.2   165.0   319.7   399.4   442.4   475.6   522.0   588.5   785.0  1695.2  3876.0 12454.9  59512.7    59397
read      463.5   671.9    80.4   149.1   173.4   350.5   454.3   520.8   586.3   701.0   864.3  1095.3  1699.7  8116.6 30947.9  40781.3    40857
read      476.6   611.3    80.4   145.6   167.6   340.8   449.2   527.1   607.8   749.0   949.8  1278.0  1816.3  9120.3 16695.1  46736.0    46716
read      362.5   710.7   101.3   164.7   188.7   314.5   365.5   392.9   411.9   433.4   468.3   522.1   876.1  7539.6 32043.4   6659.3     6709
read      468.9   382.1    86.8   149.1   174.1   361.7   478.7   566.5   640.9   775.2   944.4  1178.6  1599.2  2690.7 10021.7  39711.7    39820
read      362.4   497.9    93.8   155.2   177.7   326.4   393.5   427.3   451.5   479.7   514.7   569.4   815.1  6063.2 27909.3   9887.7     9894
read      469.0   751.9    80.4   156.1   182.8   351.2   428.5   476.0   516.6   577.0   697.6  1109.2  2087.9  8598.2 31121.0  86009.7    86345
read      344.7   286.9    80.4   141.4   162.1   314.6   387.6   426.3   453.5   486.1   529.2   595.8   858.1  3460.2 11985.9  65358.0    65230
read      418.6   498.9    80.4   149.3   171.4   352.2   447.2   516.2   572.6   639.6   727.1   846.3  1149.8  5104.3 25673.2  23840.7    23795
read      344.5   324.5    93.8   160.1   183.0   319.2   376.6   405.7   427.3   455.9   492.3   545.2   739.1  4772.3 10919.2   7292.7     7205
read      426.1   441.3    86.8   157.5   182.0   364.5   471.5   543.7   592.9   648.6   720.2   811.1   983.7  5978.0 16714.5  17724.7    17679
read      416.0   348.9    93.8   155.7   179.9   365.1   466.5   541.5   590.5   642.8   711.7   810.5   980.9  2931.0 14543.6  18224.0    18216
read      596.3   886.1    80.4   143.5   166.6   379.8   516.6   614.6   693.8   818.8  1133.8  2028.7  3595.2  8859.8 30819.2  19436.0    19470
read      460.6   458.6    80.4   155.8   183.3   354.4   434.3   487.4   532.1   599.1   766.5  1409.6  1962.3  4199.5 10859.3  92752.7    92503
read      374.8   660.4    80.4   150.5   173.9   331.0   385.9   416.0   438.0   469.7   510.5   587.8  1331.4  8417.3 32573.1   9812.3     9790
read      465.3   570.7    80.4   141.1   164.5   334.8   451.2   533.7   616.7   740.2   932.5  1231.5  1773.1  6071.2 22729.3  51097.7    51271
read      375.9   322.4    74.4   147.0   169.5   325.8   404.2   448.7   483.7   527.4   591.5   738.2  1255.8  3156.8 12217.7  75223.0    75145
read      435.6   515.1    80.4   143.5   166.4   352.6   450.4   515.0   577.1   675.6   803.5   964.7  1331.6  7018.6 24198.3  29491.0    29489
read      463.4   551.0    80.4   144.6   169.1   363.4   476.0   560.4   642.2   752.4   880.3  1063.3  1427.3  5530.1 27082.4  37764.7    37655
read      395.9  1161.1    93.8   158.5   182.8   302.2   347.9   371.7   390.7   413.8   447.4   508.4  2884.4 15645.0 37371.9   6025.0     6042
read      473.4   581.7    80.4   144.3   167.9   346.1   457.4   538.8   619.3   748.8   942.0  1226.8  1755.5  6643.4 20898.2  46727.7    46938
read      448.2   656.1    80.4   143.6   168.1   365.4   468.2   543.3   612.1   696.7   790.1   920.8  1253.2  9541.2 30521.8  28831.0    28854
read      468.8  1604.1    80.4   156.6   181.8   300.0   345.8   371.9   390.7   413.0   447.6   532.6  4997.4 29600.1 36644.7   6128.3     6101
read      415.4   415.5    80.4   151.4   176.6   333.2   406.6   450.8   487.2   539.9   641.2  1011.9  1849.8  4043.5 10319.2  93064.3    93216
read      371.8   516.7    86.8   144.0   165.7   330.1   395.3   431.3   463.3   497.9   539.5   607.2   983.1  7745.3 30370.5  11919.7    11897
read      456.2   746.0    86.8   144.3   169.3   365.0   467.1   553.2   630.5   719.0   805.7   919.4  1260.6 11618.9 31905.8  26845.3    26925
read      378.4   378.4    80.4   145.6   168.0   322.9   399.0   442.4   476.7   522.3   587.8   743.0  1405.7  3717.6 10950.4  81297.3    81428
read      336.2   263.6    80.4   139.5   159.8   306.6   377.8   416.4   442.5   474.6   518.4   584.8   832.9  3303.3  8138.5  73442.0    73449
read      438.4   748.5    80.4   141.1   163.3   348.2   440.4   508.5   581.4   667.4   751.6   864.7  1331.2  8590.7 35153.4  23204.3    23112
read      456.3   650.1    80.4   144.5   168.7   368.3   471.7   561.7   637.5   720.9   809.4   936.0  1338.4  8973.0 28458.6  26567.0    26461
read      380.0   344.9    80.4   147.2   169.9   323.5   403.6   447.9   482.8   529.0   595.3   767.6  1371.7  3916.8 10666.9  76635.7    76634
read      348.7   409.3    80.4   143.7   165.0   314.6   389.1   428.2   456.3   491.2   537.0   607.3   858.2  3280.3 12794.9  69303.0    69116
read      347.4   399.9    80.4   141.3   162.6   312.1   383.7   424.4   453.9   487.5   526.9   585.1   862.0  4197.3 13913.4  61956.3    62037
read      440.9   378.7    80.4   143.6   166.6   340.6   447.1   518.9   590.5   706.6   859.4  1102.2  1588.0  3779.2 10935.0  44493.3    44549
read      393.3   472.9    86.8   145.8   168.4   328.2   408.6   453.7   488.7   531.5   591.7   756.6  1598.3  5878.0 18563.4  57261.7    57287
read      425.9  1075.2    86.8   144.0   167.3   334.0   401.3   435.7   466.7   501.3   544.2   621.3  3453.8 12203.2 36868.0  11404.7    11286
read      394.4   878.1    86.8   146.7   172.1   326.0   386.1   416.3   436.9   465.0   504.4   586.2  1994.0 10890.4 30834.9   9004.0     8971
read      397.1   381.9    80.4   144.9   167.9   331.2   414.5   461.5   499.9   548.8   627.9   850.4  1662.5  3233.0 10178.1  60986.7    61142
read      342.4   366.1    80.4   147.3   168.8   309.2   375.1   412.4   438.6   471.4   518.6   595.4   828.5  4136.6 11249.8  96677.7    96577
read      347.4   441.7    80.4   143.5   164.6   310.2   381.5   420.9   448.7   481.7   525.6   592.5   855.2  4944.0 21739.3  76554.3    76551
read      337.5   317.6    80.4   144.2   166.0   305.6   372.0   409.9   437.1   471.1   516.8   590.1   828.0  3012.9  9464.4  94162.3    94039
read      345.3   416.5    80.4   144.7   166.0   308.9   378.3   416.8   444.1   478.2   523.0   592.9   846.6  3962.6 12613.4  82473.0    82607
read      432.8   440.9    80.4   142.0   165.2   338.8   439.0   503.4   562.4   661.9   805.9  1042.3  1525.3  4718.5 15233.7  44333.7    44235
read      394.0   927.9    86.8   149.2   172.7   321.5   382.1   411.5   430.4   457.5   495.9   568.4  1815.4 11633.1 31760.3   8456.0     8410
read      482.9   683.7    80.4   144.9   169.8   365.3   473.4   551.1   634.5   777.5   934.6  1162.3  1613.4  8108.3 31133.5  36803.0    36830
read      385.3   970.2    86.8   149.8   173.4   319.2   374.4   402.3   423.2   449.7   488.8   550.3  1209.6 12055.8 32390.7   8329.7     8238
read      438.4   496.6    80.4   153.0   180.3   353.3   433.3   485.3   528.4   587.9   704.8  1009.8  1816.7  4574.1 19341.0  95638.3    95840
read      437.0   380.2    80.4   142.9   167.0   346.1   451.2   518.4   579.1   674.6   831.0  1063.3  1544.4  3838.3  7899.8  45929.7    45802
read      462.3   605.8    80.4   143.3   167.6   359.0   471.3   559.2   649.1   758.8   883.5  1040.0  1404.2  6567.8 30995.2  34808.7    34937
read      458.9   704.9    80.4   142.9   167.1   364.1   467.2   552.0   630.8   714.5   811.0   944.7  1375.4  9369.1 35330.5  28061.3    28067
read      398.8   447.3    80.4   149.7   173.4   329.3   405.1   449.7   484.4   531.2   604.5   820.5  1731.6  4442.5 13759.5  88135.3    88158
read      440.7   533.3    74.4   142.7   167.0   348.3   451.8   515.8   575.8   670.7   820.2  1018.7  1440.7  5951.8 20728.8  41912.0    41987
read      482.1   800.8    80.4   141.7   165.4   359.9   476.6   565.2   642.0   744.2   867.8  1050.4  1722.9 11874.3 31806.1  33910.7    33960
read      489.1   769.7    80.4   142.5   166.2   347.5   459.4   538.8   623.7   764.4   962.9  1226.1  1798.8  8699.7 31895.1  41889.7    41943
read      375.7   331.2    80.4   143.3   165.9   318.9   398.0   442.1   476.3   521.8   587.1   763.1  1440.5  3538.8 11796.6  67612.0    67584
read      341.5   282.2    80.4   140.4   161.5   311.2   382.8   420.8   447.7   479.7   523.4   591.2   849.6  3636.8  8369.8  71944.7    71998
read      383.5   325.5    80.4   142.4   164.7   328.5   413.6   459.1   496.0   541.7   614.3   791.4  1308.2  3219.1  8747.3  48830.7    48774
read      415.9   974.2    93.8   149.0   172.3   324.2   385.6   418.9   444.1   476.2   513.7   585.4  2709.5 11558.8 37038.7   8656.7     8584
read      384.0   639.4    93.8   148.4   171.0   331.0   398.0   435.2   464.9   500.0   545.4   626.0  1062.0  5786.7 30305.4   9736.7     9696
read      437.5   501.8    80.4   151.4   176.6   341.2   420.1   470.4   514.4   577.8   701.2  1167.1  1930.2  3735.1 18239.9  80329.7    80548
read      406.5   519.7    80.4   143.0   165.7   351.7   431.1   483.4   529.3   584.7   656.7   769.8  1209.4  7418.3 24124.5  19619.7    19535
read      478.0   535.1    86.8   147.8   171.9   355.4   469.7   556.9   655.3   787.3   953.9  1199.1  1692.6  4843.0 15953.3  43505.7    43568
read      494.0  1786.2    86.8   157.7   182.7   313.6   361.4   389.0   407.3   429.9   464.0   538.2  5281.0 31675.0 40936.3   6705.0     6820
read      418.8   754.5    93.8   148.2   172.6   356.3   434.4   488.2   525.9   567.9   620.8   710.0  1171.3  6555.3 36445.2  14149.3    14079
read      449.3   424.8    74.4   145.5   170.9   377.0   477.3   552.1   621.8   713.7   820.8   970.5  1302.7  4983.6 15125.0  32835.3    33076
read      433.1   450.4    80.4   157.4   183.5   342.3   416.2   461.6   500.4   558.2   682.2  1115.1  1870.5  3386.6 16723.3  99680.7    99914
read      420.0  1033.5    80.4   143.6   165.2   328.8   390.7   424.4   451.1   487.7   536.3   626.0  2637.2 11819.2 37571.4  11298.3    11377
read      454.5   554.0    74.4   140.6   165.1   362.2   470.7   551.6   630.5   734.8   853.1  1006.4  1361.5  5906.9 28158.5  32568.7    32709
read      420.7   448.6    80.4   153.0   178.6   334.9   406.2   449.2   485.7   538.1   630.8  1068.0  1873.7  3905.1 16006.4  97396.3    97564
read      457.0   806.2    74.4   137.6   160.7   343.3   445.8   509.2   580.2   695.7   816.7   986.9  1592.2 10247.9 35992.3  30753.3    30839
read      411.1   448.5    74.4   134.7   157.8   351.1   447.5   526.7   585.0   645.9   716.3   811.0  1149.1  4056.4 20098.2  22619.0    22808
read      454.0   435.9    80.4   139.8   163.1   340.9   451.0   529.7   611.2   747.2   923.0  1176.1  1656.6  3896.3  8602.3  44811.3    45014
read      386.2   393.5    80.4   149.7   173.6   324.0   397.8   441.1   474.0   519.0   590.9   786.8  1593.3  3483.1 11434.7  90347.0    90468
read      338.3   262.0    80.4   145.2   167.3   307.1   374.5   413.5   441.6   475.0   520.9   599.0   854.1  2444.4  9473.0  96154.3    96342
read      415.7   674.0    80.4   142.1   164.8   350.8   429.1   479.9   530.7   583.7   644.9   758.1  1429.6  8538.7 32075.2  17682.7    17547
read      363.6   378.4    80.4   137.7   158.5   303.6   378.8   423.1   453.7   491.6   547.9   702.1  1642.6  4209.2  9600.8  75725.0    75806
read      419.3   552.5    86.8   146.3   168.7   361.2   452.4   515.4   569.3   629.7   699.1   801.9  1083.3  7527.2 30151.8  19796.3    19740
read      438.5   525.2    74.4   148.8   173.6   339.7   418.6   465.8   504.0   552.8   654.9  1294.7  1964.2  4682.4 13954.9  79930.7    79641
read      356.1   466.0    80.4   141.0   162.5   316.7   391.9   431.8   461.4   496.3   538.7   603.6   899.6  5544.9 16155.9  58563.3    58691
read      450.3   706.7    80.4   143.6   167.7   352.8   451.6   508.6   560.7   651.7   787.2  1002.2  1554.5  8721.4 30795.6  37250.0    37243
read      415.0   336.0    80.4   142.3   165.6   360.9   455.7   528.7   583.3   641.8   715.8   823.1  1212.1  4198.9 10438.0  21830.0    21873
read      399.4   752.9    86.8   150.7   176.7   343.4   414.8   449.2   476.1   509.6   550.1   633.6  1416.4  8866.5 32501.6  10125.0    10159
read      448.0   524.0    80.4   153.7   178.9   342.6   427.0   479.5   524.3   588.2   743.9  1181.9  2008.9  5961.1 14069.7  79279.3    79288
read      384.6   514.6    86.8   143.7   167.1   342.8   410.9   452.4   487.4   525.8   573.1   652.0  1145.9  6673.4 27959.9  13220.3    13208
read      423.3   695.0    80.4   150.1   174.9   367.5   444.2   495.5   532.8   574.7   627.5   724.0  1267.2  7654.4 31792.0  14772.0    14700
read      445.5  1427.5    86.8   150.6   175.6   326.8   387.6   419.2   439.8   466.7   507.0   576.9  3023.0 28949.7 38935.0   8945.3     8871
read      486.0   421.4    80.4   162.7   194.9   386.2   465.4   524.5   586.4   701.7   868.5  1290.4  1922.4  3448.9 10099.6  97372.3    97686
read      345.1   353.7    80.4   146.3   168.4   311.2   379.2   417.9   445.4   479.1   527.2   608.7   866.3  2899.5 11209.4  92308.3    92364
read      385.3   423.6    80.4   144.2   167.1   326.2   411.6   455.4   486.4   526.9   591.4   799.1  1389.2  4319.1 11948.2  50082.3    49966
read      430.8   423.6    80.4   153.5   178.5   339.8   417.1   465.6   506.0   567.4   695.2  1118.1  1848.1  4068.7 10161.3  90178.3    90227
read      435.8   401.9    80.4   143.6   167.9   346.8   451.9   516.4   574.9   675.2   825.4  1042.3  1472.8  4299.0 10284.2  39873.0    39911
read      399.7   691.5    86.8   144.0   169.0   350.5   424.2   470.0   506.3   543.2   589.1   666.4  1001.2  6040.0 31748.5  12880.0    12894
read      429.8   461.8    80.4   144.3   167.2   331.4   428.4   488.7   540.3   627.3   780.3  1056.3  1709.4  4828.9 12195.7  54229.7    54321
read      447.1   452.0    80.4   143.5   167.1   346.8   453.1   521.3   587.5   692.5   851.6  1085.8  1562.6  5873.4 15218.2  38729.0    38630
read      474.2   678.8    80.4   144.9   168.7   353.7   469.6   556.0   638.6   758.0   912.1  1158.2  1711.0  6789.8 30783.7  45006.7    45027
read      426.4   816.4    86.8   145.7   168.9   359.9   438.2   489.4   521.7   554.7   602.4   681.7  1551.9 12196.2 31768.0  14185.3    14136
read      457.8   723.3    80.4   148.2   173.6   378.9   475.3   539.6   593.1   663.7   762.1   897.4  1460.5  7684.6 31346.9  26364.7    26426
read      380.0   355.0    80.4   143.8   166.0   320.5   403.6   449.6   483.3   524.7   585.3   775.9  1516.1  3827.2 12656.8  58471.3    58791
read      363.3   628.6    86.8   151.5   175.5   312.7   363.3   393.0   414.5   438.5   476.9   541.3  1458.1  5876.7 29047.4   8119.3     8103
read      451.4  1175.3    80.4   147.0   169.9   351.8   434.3   486.3   528.6   578.5   639.6   737.4  1402.0 19219.9 37025.7  12067.3    12148
read      382.8   371.1    80.4   144.5   166.5   322.5   402.8   448.3   481.1   523.9   587.8   758.1  1632.5  3795.1 13421.6  66807.0    66936
read      479.6  1386.9    86.8   146.4   168.7   332.6   403.8   450.8   488.3   531.1   587.9   687.5  3661.4 25584.8 40791.6  10789.0    10708
read      419.0   503.9    80.4   149.8   174.3   334.9   414.6   459.1   495.4   547.4   649.9   992.2  1813.8  5803.3 17467.8  83866.3    84040
read      350.6   303.6    80.4   144.9   167.0   317.0   389.1   429.3   457.7   492.3   539.8   624.6   878.6  3168.4 10439.5  83480.3    83623
read      395.4  1057.3    86.8   153.1   178.0   309.1   356.0   383.3   404.1   427.6   463.1   546.3  2498.7 19104.7 34302.3   7555.0     7640
read      437.3   824.4    86.8   148.1   172.0   351.9   432.7   493.7   545.0   602.3   670.4   779.5  1469.3 12702.8 31955.9  13743.3    13693
read      500.6   538.7    80.4   163.4   196.2   380.8   466.9   527.7   584.1   680.5   877.0  1480.6  2042.0  4690.3 16112.1  96395.0    96771
read      374.3   959.7    93.8   156.9   180.8   283.4   324.2   346.9   366.3   389.4   420.0   482.6  2667.3 13572.5 29503.1   5486.0     5491
read      361.7   845.5    86.8   157.5   183.0   303.2   351.6   378.5   396.8   419.3   450.6   518.7  1344.1  7898.2 39008.8   6466.0     6398
read      458.1   462.3    80.4   144.8   169.6   352.9   465.9   546.6   620.5   730.4   881.7  1111.7  1612.3  5210.3 12199.2  49163.3    49142
read      357.2   541.0    86.8   145.4   168.7   319.9   386.0   419.1   441.5   468.7   506.0   571.0   927.2  4207.0 35266.1   9502.0     9384
read      386.6   426.3    80.4   144.7   167.0   326.2   409.9   454.5   487.1   530.8   598.1   784.4  1489.0  4367.1 12884.6  60979.0    60890
read      358.9   415.3    80.4   140.8   162.1   319.1   392.2   432.0   459.7   493.1   538.4   617.2  1030.3  4981.3 11031.4  48777.7    48923
read      478.1   650.4    80.4   143.9   168.3   349.5   461.7   540.0   620.3   740.7   917.4  1184.1  1914.2  6705.8 31163.2  45195.7    44958
read      454.2   508.0    74.4   158.3   187.2   356.0   432.6   481.7   525.0   588.2   710.7  1272.1  1982.6  4770.6 12154.6  95912.7    96074
read      338.6   265.1    80.4   142.1   163.3   310.6   382.0   421.7   448.6   478.1   516.9   585.7   846.8  2335.5 10047.4  72909.3    72952
read      420.8   525.6    80.4   140.1   163.5   345.1   445.1   497.5   547.8   623.6   735.5   903.1  1308.0  7178.3 20494.3  33343.3    33184
read      386.5  1133.4    93.8   154.3   178.8   305.5   354.0   379.8   397.6   418.5   446.0   509.0  2278.5 12445.1 36813.1   6661.3     6608
read      458.6   579.7    80.4   143.8   168.7   349.3   462.3   541.5   616.1   726.0   875.7  1105.5  1608.5  5671.0 22321.6  49649.7    49874
read      383.5   331.9    74.4   143.9   165.9   323.4   404.9   449.1   481.5   526.5   602.8   816.5  1522.5  3511.3  9262.9  59946.7    59994
read      352.3   298.7    80.4   147.1   169.4   317.4   389.3   429.0   458.5   495.3   543.8   629.3   879.3  3427.5  7901.9  87765.3    87652
read      348.3   419.1    74.4   143.5   165.3   311.4   383.7   423.1   450.4   482.0   524.8   592.7   862.9  5061.8 15949.8  81731.3    81663
read      445.5   601.9    80.4   143.1   167.2   353.6   457.4   522.0   585.8   680.7   811.8   994.1  1486.4  6357.2 31307.8  35114.7    35143
read      366.1   291.7    74.4   142.2   164.3   319.0   396.4   439.6   468.9   507.6   563.4   692.0  1379.2  3645.2  8649.9  63136.7    63468
read      356.8   398.7    80.4   141.6   162.9   320.1   394.9   435.5   464.0   496.9   539.5   617.4   998.5  4499.1 12819.4  53669.3    53559
read      350.7   300.7    80.4   142.1   163.8   321.8   395.3   435.2   462.7   494.5   535.4   605.3   878.5  3514.5  8689.5  58729.7    58765
read      397.1   517.4    80.4   144.3   166.8   330.6   410.5   454.8   488.1   530.4   588.9   732.7  1758.9  5918.1 26739.2  58877.3    58885
read      347.2   347.1    80.4   143.0   164.3   310.7   383.5   424.1   452.6   486.7   533.9   617.1   885.5  3236.2 11092.1  82907.7    83145
read      415.5   506.1    80.4   143.0   165.9   333.4   433.5   488.1   534.7   609.0   747.2   976.5  1445.8  4238.4 12143.0  46155.3    46275
read      422.5   369.6    80.4   154.2   180.6   342.3   418.7   464.5   502.3   558.2   669.5  1007.3  1813.2  3476.7  8603.7  97173.0    97307
read      343.8   337.9    80.4   147.3   169.1   310.1   378.2   416.7   443.9   474.3   519.4   594.2   856.9  3395.6 14388.2  89939.7    90014
read      350.5   310.6    74.4   142.7   164.0   318.0   393.3   434.1   462.2   496.1   541.3   621.5   869.1  3712.3 10159.2  73627.7    73645
read      351.0   419.3    74.4   144.1   165.5   312.8   384.9   424.8   453.4   487.6   534.6   616.6   868.4  4504.4 25029.3  88042.7    88148
read      363.3   494.5    80.4   141.9   162.7   322.4   397.7   437.7   464.8   499.2   545.2   628.1   961.1  6353.4 28031.1  62675.0    62737
read      408.6   566.3    80.4   138.6   161.7   347.7   434.3   490.8   534.1   579.6   638.8   744.3  1378.0  7627.3 22429.7  21671.7    21557
read      414.4   736.3    80.4   141.3   163.9   351.7   440.8   505.5   549.1   598.1   658.8   757.8  1050.2  6648.2 31746.3  19374.3    19148
read      370.8  1123.6    93.8   157.0   178.3   280.3   319.2   339.9   355.2   372.9   400.8   456.7  3134.7 12806.3 41753.1   5076.3     5130
read      424.7   782.4    80.4   140.2   162.6   337.9   422.8   474.6   518.5   568.4   632.2   737.9  1975.8 11437.3 30848.4  14926.7    14885
read      361.4   373.5    80.4   140.8   162.3   307.3   382.6   426.2   457.6   495.4   549.3   682.1  1406.1  4445.6  8752.0  81765.3    82005
read      360.5   483.4    74.4   146.0   168.5   315.3   387.4   427.6   456.7   491.1   538.4   629.5  1000.5  4814.5 29117.0  85615.0    85595
read      347.0   336.7    80.4   147.4   169.1   311.2   378.5   417.3   444.9   477.6   524.3   607.0   867.6  4106.5  8758.1  96464.3    96598
read      396.7   384.7    74.4   142.0   164.4   328.7   420.8   468.0   506.4   560.9   666.1   879.3  1377.0  3747.0 15594.2  46828.3    46867
read      396.1   522.7    74.4   142.5   165.5   319.0   403.8   453.4   490.8   542.4   640.5   879.2  1494.5  5819.7 29311.5  61469.7    61704
read      431.6   432.8    80.4   143.6   167.3   345.6   449.1   517.9   583.1   680.5   816.4   998.0  1367.0  4253.7 12723.2  40713.7    40773
read      359.4   293.3    74.4   138.5   159.0   305.4   381.9   426.4   456.8   493.5   548.1   693.5  1554.9  3023.0  8123.2  61061.0    61588
read      329.7   246.5    80.4   147.1   168.5   302.8   366.6   402.7   429.7   460.9   501.6   572.4   778.0  2775.7  7611.0  97521.3    97643
read      417.2   495.6    80.4   142.3   165.9   346.0   442.5   492.1   538.5   609.1   724.9   888.5  1318.4  6234.9 17522.6  36792.7    36813
read      391.7  1182.2    93.8   145.4   167.2   314.3   375.1   403.5   422.5   443.7   472.4   538.7  1778.8 17540.7 37469.2   9437.0     9361
read      359.0   405.4    80.4   141.9   163.2   310.2   385.4   429.4   459.2   495.1   545.4   664.2  1162.1  5205.6 15095.7  66157.0    66261
read      350.7   368.0    74.4   141.8   163.2   313.8   386.5   427.8   456.0   488.2   530.0   597.6   927.6  4481.0 12405.4  54225.7    54119
read      345.9   273.1    80.4   140.9   162.2   315.3   389.9   431.0   459.4   492.2   534.9   606.5   884.2  2636.8 12130.8  58890.0    58858
read      342.3   319.1    80.4   146.8   168.5   308.6   374.0   412.1   439.0   470.4   514.7   593.5   872.1  3895.9 10843.3  92295.7    92086
read      403.3   447.5    80.4   141.0   164.8   341.1   438.2   483.5   528.3   592.1   686.0   831.6  1125.4  5596.5 16677.0  32291.7    32298
read      422.2   311.7    74.4   140.2   164.5   357.0   461.4   527.2   586.6   665.9   773.9   925.1  1276.8  3279.6  8795.0  36599.0    36489
read      388.1   330.5    80.4   147.4   170.3   330.6   413.6   462.1   500.3   546.9   620.6   796.7  1397.1  3088.5 14395.0  66003.7    66387
read      345.0   315.1    80.4   146.1   167.6   312.9   381.7   421.0   449.5   483.0   529.3   608.4   859.7  3582.5 10787.4  91212.3    91211
read      356.6   492.2    80.4   143.9   166.1   318.4   392.0   432.8   460.0   490.8   529.4   594.7   950.4  4301.0 16613.8  52267.3    52392
read      406.9   537.2    80.4   142.4   166.2   356.6   441.1   495.1   540.0   590.2   652.8   747.2  1052.4  5438.3 30896.0  20275.7    20248
read      367.7   289.1    80.4   146.6   169.1   320.4   397.4   440.8   469.5   505.7   562.0   710.2  1362.1  2655.5  8134.9  63570.7    63442
read      334.5   313.8    80.4   151.5   173.1   305.2   366.6   400.9   426.5   455.6   493.2   557.7   797.6  3480.5 11239.4  98749.7    99044
read      382.9   586.7    86.8   143.7   165.0   339.1   412.4   453.8   483.7   524.5   578.2   664.7   959.1  8006.0 30324.6  15216.7    15116
read      382.7   455.9    74.4   150.5   173.8   327.3   407.6   451.4   482.4   523.9   586.9   739.0  1369.9  3987.7 12817.5  67875.7    67873
read      346.2   355.8    74.4   147.0   168.6   311.6   379.6   418.1   445.6   476.3   518.4   594.8   873.9  4218.9 10499.5  85993.7    85932
read      343.8   286.0    74.4   145.6   167.9   315.9   387.4   427.5   454.7   485.1   523.3   584.2   837.4  2715.6 10906.8  55411.7    55426
read      368.1   443.4    80.4   146.6   168.7   318.2   390.7   431.4   459.8   493.7   540.8   637.1  1356.6  5652.5 14287.6  79587.7    79330
read      329.9   207.0    74.4   141.9   164.3   307.0   375.7   416.0   443.1   469.3   500.1   547.6   746.8  2321.5  7035.9  57234.0    57193
read      415.8   404.2    80.4   138.8   162.9   342.9   445.0   501.6   560.1   639.9   761.2   927.0  1265.1  3936.5 12851.5  36021.0    36129
read      377.2   664.1    80.4   140.8   162.7   337.7   412.9   451.7   475.9   509.0   547.1   612.7   907.1  6715.3 36746.1  14235.3    14180
read      390.0   713.7    86.8   142.6   165.7   329.3   396.3   426.0   444.6   464.4   496.9   559.0  2195.7 11007.6 26669.8  11173.3    11137
read      386.4   455.7    80.4   143.6   166.6   315.2   391.4   436.3   467.0   504.4   567.6   804.2  1812.0  4391.8 16309.2  72534.7    72323
read      326.7   211.7    80.4   150.1   172.0   303.7   364.3   398.1   422.9   451.6   488.0   545.1   743.2  2980.6  5863.4  94984.3    94940
read      406.6   735.7    86.8   141.6   164.6   346.7   425.7   474.6   516.8   564.4   625.8   727.4  1080.6  9700.7 31954.9  18059.7    18080
read      392.8   953.7    93.8   147.8   169.7   317.8   371.8   400.8   420.2   441.3   469.7   531.9  3254.3 10691.7 32012.0   8504.0     8591
read      441.6   428.7    80.4   136.7   159.9   337.3   455.1   533.5   609.6   715.8   863.5  1077.3  1525.8  5155.0  9669.4  42807.0    42831
read      360.4   444.9    80.4   150.8   172.9   311.0   382.4   423.6   453.1   486.8   535.8   673.8  1204.5  3415.5 12497.5  76450.0    76685
read      334.6   238.0    80.4   143.0   164.8   307.5   377.5   417.1   444.5   472.9   508.8   570.0   803.8  2693.4  8053.9  68047.7    67989
read      411.6   374.4    80.4   144.0   169.3   367.5   451.9   502.4   550.1   608.0   686.6   808.0  1075.7  4942.6  8895.2  29005.3    28979
read      388.2   844.4    86.8   142.8   164.8   328.0   393.0   423.5   442.2   462.4   491.2   545.3  1996.1 11077.2 31641.2  10663.7    10636
read      389.5   511.6    86.8   143.8   166.2   337.9   411.8   456.2   492.2   539.8   603.1   700.9  1420.4  5003.9 14063.4  12992.0    12963
read      427.7   528.1    80.4   161.9   186.1   340.6   411.6   456.0   492.9   544.9   652.2  1028.1  1846.8  5596.0 16871.3  87431.0    87711
read      388.1   400.8    80.4   145.4   168.3   352.0   425.6   462.5   500.8   553.6   618.9   721.2   997.3  7109.9 12506.1  22855.3    22730
read      374.0   406.8    80.4   152.9   175.5   320.3   392.2   432.7   462.9   499.8   551.3   692.6  1449.3  5255.4 10244.8  67100.0    66859
read      411.6   390.4    80.4   143.9   168.1   345.4   442.2   495.2   542.4   612.5   727.9   913.4  1306.6  4125.2 12979.5  42511.3    42618
read      396.2   377.4    80.4   161.5   185.2   332.3   397.0   436.4   468.2   511.1   586.9   826.2  1715.5  3088.1 11306.5  95956.7    95761
read      404.9   470.5    80.4   145.3   168.4   332.5   419.8   467.4   505.5   561.9   656.4   876.1  1516.5  6004.7 15470.8  47722.0    47819
read      368.2   331.9    74.4   141.3   164.3   340.1   410.2   447.0   467.4   496.8   536.7   602.7   947.4  4200.1  8612.3  13957.3    13860
read      444.7   555.3    74.4   146.0   170.1   347.4   459.7   530.1   597.4   685.0   805.5  1018.7  1561.5  5276.5 30611.7  53713.3    53411
read      441.9   427.9    80.4   140.5   164.1   356.3   468.9   543.5   612.7   704.2   824.8  1010.5  1408.5  3756.5 10933.6  40141.0    40235
read      430.4   348.5    74.4   145.7   169.2   352.8   460.2   527.7   591.1   681.0   804.6   990.4  1371.4  2703.5 12487.3  45972.3    46172
read      357.5   295.4    74.4   142.6   164.8   315.7   390.9   433.2   463.4   498.3   547.8   680.8  1145.0  3317.9  7934.3  69123.7    69092
read      408.2   318.3    80.4   147.3   171.2   344.6   440.9   489.8   536.2   601.3   719.0   915.3  1308.9  2531.5  8706.9  46404.3    46356
read      410.0   304.5    80.4   139.7   161.4   345.2   448.1   517.9   583.4   665.8   764.3   885.6  1125.3  2634.1 10113.5  27891.3    27951
read      402.7   358.1    74.4   137.8   160.5   339.8   438.6   504.3   567.8   638.8   735.8   860.7  1065.1  3480.8 12708.4  27949.3    28103
read      412.6   284.8    80.4   146.7   171.0   365.5   458.8   520.0   570.3   636.8   725.6   851.0  1078.8  2950.3  9019.7  30071.7    29986
read      432.3   431.5    74.4   141.5   164.0   344.8   452.5   517.9   581.6   677.7   831.8  1040.2  1422.4  3953.6 13706.6  40782.3    40635
read      414.3   335.7    74.4   147.0   171.5   362.8   455.1   514.1   565.8   626.4   723.1   847.9  1095.4  3228.6 11763.7  27402.0    27258
read      380.6   266.9    80.4   150.3   174.2   334.2   414.7   460.4   492.9   534.2   596.8   765.2  1274.7  1977.3  8642.9  63773.3    63801
read      348.2   192.9    74.4   145.9   169.1   332.0   405.1   445.5   471.6   498.2   530.5   580.5   741.8  1587.1  7591.6  51496.7    51696
read      338.4   194.4    74.4   150.6   173.5   316.0   382.6   418.6   444.5   474.7   515.8   583.8   768.6  1722.0  7655.2  94081.3    94120
read      343.3   246.0    74.4   153.0   175.7   342.6   407.4   430.8   447.2   465.0   489.0   525.6   635.3  2547.2 12322.7  19065.3    19008
read      336.1   298.1    80.4   152.3   173.3   336.0   389.9   411.2   425.0   439.9   461.5   497.8   624.5  3482.2 12350.6  17118.0    17054
read      349.1   280.0    74.4   145.7   169.1   329.6   402.9   441.1   465.2   491.5   522.8   574.9   770.0  2351.9  9500.6  49875.3    49914
read      340.9   239.3    74.4   144.7   167.5   320.5   391.9   430.4   456.9   485.9   520.8   579.1   762.2  1477.8 11123.1  72020.3    71907
read      345.6   215.6    80.4   145.4   168.5   326.6   405.0   444.7   466.1   489.2   515.0   561.8   742.5  1919.6  7871.2  37777.0    37737
read      345.6   194.4    74.4   145.2   168.6   327.1   399.9   439.1   464.2   492.2   526.4   578.5   767.3  1740.6  6912.8  60449.3    60373
read      330.3   170.4    80.4   149.9   172.8   310.2   373.6   409.1   434.7   464.7   503.0   566.8   733.1  1312.9  4662.8  98993.7    99196
read      306.5   289.1    93.8   162.9   186.4   285.2   316.9   335.0   346.9   365.4   391.5   444.7   631.9  4037.5  9090.2   7156.3     7133
read      365.5   220.1    80.4   148.5   175.0   352.8   423.6   459.5   483.6   509.5   544.9   607.2   799.4  1600.0  8834.7  42702.3    42904
read      362.2   210.3    80.4   147.9   173.8   346.6   420.0   457.6   482.8   510.1   546.3   616.0   814.8  1457.0  7525.3  60261.3    60487
read      316.5   195.8    80.4   152.6   175.6   319.5   363.5   383.4   396.7   412.3   431.2   464.0   595.0  1184.6  7937.7  13348.0    13249
read      355.2   223.4    80.4   145.5   170.1   340.4   413.0   449.2   471.0   496.0   527.6   582.4   763.6  3437.8  7694.3  39674.7    39818
read      351.4   194.0    74.4   144.8   168.2   333.4   405.4   444.1   470.2   499.7   537.5   599.9   823.6  1553.2  6800.8  64476.0    64518
read      343.9   260.5    80.4   142.7   165.3   324.1   398.8   435.1   457.3   481.2   508.5   554.8   737.8  4285.9  9411.9  33868.0    33694
read      337.9   244.6    80.4   146.5   168.4   324.7   400.8   432.0   450.2   468.0   492.5   530.5   666.5  2672.9  9082.8  25841.0    25913
read      335.8   187.4    74.4   144.4   167.1   314.8   384.2   421.7   448.2   478.6   517.1   583.0   758.2  1651.5  6161.3  82931.0    83518
read      348.0   214.8    74.4   144.4   167.7   330.6   402.1   442.0   467.1   494.1   526.6   578.1   779.1  1889.5  8008.2  52457.0    52510
read      336.6   237.1    74.4   146.0   169.0   315.5   381.8   417.5   443.3   472.5   511.6   575.9   753.9  1855.0  8956.8  90177.0    90311
read      340.1   210.4    74.4   146.8   169.4   328.5   408.0   440.3   458.3   477.6   501.0   540.1   666.5  1611.0  9119.1  27748.7    27810
read      346.3   242.1    74.4   144.9   168.1   328.1   402.5   441.8   464.5   488.9   516.8   564.1   731.2  2846.6  8089.8  39941.7    39892
read      342.6   241.2    80.4   142.5   165.6   318.9   392.2   432.0   459.1   489.3   527.6   588.6   778.8  1990.7  8076.0  70855.7    70727
read      340.5   185.3    80.4   144.5   167.7   318.9   390.6   429.2   456.3   486.8   525.4   587.0   774.1  1640.7  7193.2  75868.3    76123
read      335.8   220.5    80.4   143.4   165.5   319.1   394.0   430.3   451.9   473.3   501.3   546.1   692.4  2320.7  9773.5  29292.3    29341
read      339.9   217.5    80.4   147.0   170.6   324.4   401.7   437.3   457.1   478.5   504.4   547.6   698.6  1360.5  7671.8  31085.7    31031
read      335.8   238.6    80.4   148.8   170.6   325.8   396.4   426.0   444.4   462.8   487.2   526.1   649.2  2572.7  9882.8  23166.3    23217
read      335.9   229.7    74.4   142.4   164.7   312.3   382.8   422.5   450.3   481.4   519.9   582.8   745.2  1496.2  7528.6  81516.3    81150
read      338.5   184.5    80.4   143.6   166.1   318.1   391.7   432.6   459.6   488.0   521.7   578.2   734.4  1694.9  6192.0  63748.3    63570
read      342.6   227.1    74.4   144.1   167.9   321.6   395.8   436.6   463.1   490.7   522.7   576.0   772.7  1589.1  8034.5  50858.3    50919
read      343.9   219.3    74.4   144.7   168.5   324.3   400.0   440.5   465.6   492.7   524.8   577.2   737.2  1307.4 11138.5  49754.3    49684
read      333.8   221.9    74.4   144.8   167.4   309.3   375.4   412.4   438.8   471.1   513.3   583.5   780.9  1816.7  8368.3  94134.0    94161
read      347.1   189.2    80.4   148.8   172.1   329.8   406.2   445.4   468.6   493.4   522.9   572.1   748.5  1451.7  6608.3  42384.0    42183
read      290.6   237.8    93.8   167.1   189.1   274.3   300.6   316.4   329.0   344.0   365.1   401.4   554.7  3884.6  8262.8   5400.3     5414
read      374.2   227.0    80.4   154.9   182.9   358.9   431.7   468.2   492.7   520.5   557.1   627.1   846.7  1555.2  7699.0  43068.3    43237
read      367.0   253.9    80.4   147.7   173.6   343.9   418.4   457.9   484.5   513.3   553.5   630.4   864.2  2725.3  8432.0  57337.0    57443
read      352.8   260.1    74.4   147.7   172.1   331.9   404.8   444.2   469.6   497.5   532.2   589.8   788.5  2284.9  9700.5  59699.0    59814
read      312.0   265.0    86.8   158.0   181.3   305.2   339.2   356.0   367.5   381.6   399.8   436.0   593.4  4273.3 12019.9   9364.0     9322
read      359.9   215.1    80.4   147.1   172.3   340.3   414.0   453.8   480.4   509.0   548.0   621.2   841.8  1823.5  8392.6  61477.0    61471
read      354.1   231.9    80.4   152.6   177.3   335.7   411.2   446.4   468.2   492.2   521.2   574.3   773.9  3132.5  9323.9  34137.3    34067
read      343.1   192.8    80.4   149.0   172.4   333.0   407.8   440.1   458.8   479.0   502.3   542.3   693.2  1269.3  6919.9  28165.0    28331
read      347.4   207.9    80.4   149.1   173.2   327.4   401.5   441.7   467.5   495.0   529.0   584.7   764.7  1358.4  7588.5  59133.7    59092
read      345.5   171.8    80.4   147.8   171.7   331.4   408.0   445.1   466.5   489.5   515.6   560.9   723.6  1376.5  5832.0  35789.3    35707
read      343.3   240.0    80.4   148.6   171.2   324.5   402.6   439.5   460.8   483.9   509.0   557.2   719.2  1747.1 12074.1  32658.3    32700
read      346.5   192.7    80.4   146.7   170.2   327.9   404.6   443.7   466.1   490.9   520.7   573.1   784.6  1647.4  6998.5  39388.0    39439
read      349.6   248.7    74.4   149.7   173.2   329.1   400.6   439.6   464.9   492.1   525.0   578.9   761.6  2254.3  7953.8  61012.3    61115
read      340.4   221.1    80.4   146.6   169.8   324.2   400.5   436.7   457.1   479.1   505.3   551.9   720.2  1332.2  7855.3  32944.7    32908
read      344.8   191.7    80.4   151.5   175.1   332.3   411.2   444.5   462.7   483.4   506.8   548.0   690.8  1287.4  8937.8  29838.3    29807
read      340.7   208.2    74.4   147.8   171.4   321.6   392.7   431.4   457.4   484.7   515.2   567.6   732.5  1692.4  8405.2  63800.3    63726
read      340.8   221.6    80.4   149.8   172.3   333.0   402.5   428.0   444.8   462.8   487.0   528.1   684.9  3423.6  8011.3  23535.0    23323
read      350.7   182.6    80.4   153.7   177.7   334.7   408.5   446.3   469.8   496.5   529.4   580.7   738.2  1397.0  6186.9  50971.7    50748
read      337.6   206.4    74.4   145.9   169.2   324.3   399.0   433.2   452.8   472.1   498.3   538.6   683.8  1763.7  8288.4  31041.0    30871
read      342.1   238.8    74.4   149.3   173.3   321.3   388.7   424.7   450.5   479.6   517.3   581.4   778.1  1978.4  7355.1  78656.0    78872
read      343.0   219.8    80.4   145.8   169.4   324.6   396.2   434.7   459.1   485.6   516.9   571.3   745.9  1676.9  8672.6  54497.0    54640
read      333.5   193.1    74.4   151.4   174.6   314.8   379.5   414.6   438.7   466.1   501.0   557.6   727.4  1543.8  7560.7  85448.3    85401
read      345.0   253.0    74.4   147.9   171.2   325.3   395.1   432.0   457.0   484.3   517.1   574.2   760.7  1801.5 11073.1  63336.3    63449
read      329.1   215.6    80.4   145.0   167.1   318.3   389.9   417.8   435.0   455.4   478.9   518.8   658.5  2124.6  8951.5  22846.0    22902
read      323.6   230.4    93.8   159.0   181.0   326.8   363.1   380.8   394.2   409.5   431.3   468.0   590.8  3129.7 12155.0  11285.3    11311
read      356.0   205.0    74.4   151.5   176.6   339.9   411.1   448.3   473.2   500.9   536.8   597.0   794.4  1447.3  7931.8  59276.0    59347
read      352.7   262.0    74.4   153.2   177.8   336.3   404.1   438.2   460.9   486.1   516.5   572.6   779.1  2759.0 12097.2  48039.3    47788
read      347.5   229.3    74.4   145.9   170.3   329.5   398.6   436.1   461.6   489.9   524.5   582.2   786.7  1786.0  8628.3  59154.3    59252
read      342.4   210.3    74.4   148.2   171.8   325.7   392.8   428.7   454.0   482.8   520.0   578.9   741.1  1484.9  8307.2  64837.7    64862
read      326.2   387.9    86.8   155.2   177.8   312.3   348.6   365.2   376.1   392.6   413.1   452.6   615.1  5364.7 15642.0  10425.7    10319
read      320.6   295.9    93.8   167.8   193.4   307.2   342.3   360.8   372.7   389.8   410.9   457.0   621.5  4691.0 12294.4   7663.7     7673
read      339.0   204.6    80.4   156.4   179.8   321.3   381.0   414.6   439.2   468.2   505.7   571.6   749.4  1624.3  7119.4  90801.0    91151
read      338.3   212.4    74.4   149.6   173.0   318.2   383.5   419.7   445.8   475.0   512.7   577.4   753.0  1779.5  8735.1  81412.0    81390
read      333.9   216.3    74.4   159.0   182.2   316.4   374.0   405.6   429.9   458.9   496.5   556.6   723.3  1325.3  7832.2  98606.7    98463
read      343.9   307.4    74.4   142.1   165.1   323.8   394.2   432.5   458.4   486.3   518.8   572.1   754.3  3121.8 10109.9  43768.3    43832
read      338.3   196.7    74.4   156.7   179.9   322.7   383.4   416.5   440.6   468.5   504.5   564.5   724.7  1361.5  7509.0  84147.0    84111
read      347.4   259.3    68.9   147.8   172.0   328.8   399.4   436.2   460.2   486.7   518.4   571.5   735.0  3166.6 12104.0  50607.0    50598
read      342.2   206.3    74.4   152.7   177.1   326.8   391.9   426.2   450.7   478.3   512.4   571.6   735.0  1360.3  8272.1  63945.0    63895
read      326.6   306.5    80.4   153.3   173.8   328.4   372.6   390.4   401.5   416.8   433.9   467.0   591.9  5143.7 11022.9  14559.7    14648
read      334.7   180.2    74.4   151.6   175.0   318.2   380.0   414.3   439.0   467.2   502.7   560.2   723.1  1581.0  5780.0  82761.3    83092
read      340.2   242.9    80.4   156.9   179.1   342.3   397.3   420.0   434.0   452.6   472.9   518.2   672.9  2035.9  7791.2  21027.7    20963
read      328.2   315.8    74.4   153.3   174.7   330.3   373.3   393.4   406.5   423.9   444.8   482.7   624.9  2612.7 19180.6  14438.3    14397
read      346.8   204.6    74.4   152.8   177.3   330.3   397.2   432.0   455.5   481.6   514.1   571.8   757.6  2166.9  7533.6  46682.7    46589
read      344.5   202.2    74.4   144.9   168.2   326.5   396.8   435.7   461.7   489.8   523.3   577.7   765.7  1816.0  7821.6  53003.7    53233
read      333.2   200.1    80.4   147.8   170.4   310.9   377.4   413.6   439.1   468.8   506.5   572.0   748.2  1672.6  7642.3  93735.3    93671
read      340.7   190.6    74.4   143.9   167.1   322.9   394.7   432.5   459.0   487.3   521.0   579.2   740.0  1364.1  6245.5  72673.7    72658
read      349.4   361.1    80.4   144.6   166.9   328.0   405.4   441.7   464.3   489.0   518.0   569.6   762.0  4131.5 12259.2  33529.7    33657
read      338.8   220.6    74.4   140.9   163.4   318.8   390.0   429.4   456.7   486.7   523.4   582.8   750.0  1605.8  8259.8  66293.7    66305
read      341.8   215.4    74.4   141.7   164.7   322.4   397.1   439.5   463.6   489.2   518.4   566.5   737.1  1849.6  8377.2  40895.7    40870
read      336.2   187.7    74.4   142.0   163.6   315.3   386.4   424.2   451.0   481.5   520.8   584.8   776.7  1703.7  6559.2  79073.7    79157
read      332.7   199.9    74.4   146.9   169.5   310.3   377.0   413.6   439.8   469.9   509.1   576.1   749.0  1397.0  8064.0  97072.3    96897
read      356.8   340.9    74.4   145.6   169.1   330.1   409.4   451.0   475.3   499.4   530.3   580.0   785.2  5533.0 12489.3  37791.3    37718
read      334.3   257.0    74.4   147.9   169.9   330.7   394.4   419.2   434.4   453.0   472.4   510.9   639.1  2012.4 11451.5  20486.3    20522
read      308.7   405.1    86.8   160.8   184.3   293.3   324.0   340.0   351.5   366.4   386.4   423.6   581.7  5071.3 15501.3   7586.7     7588
read      333.9   208.6    74.4   146.3   168.6   310.7   376.3   413.3   440.2   471.5   513.8   584.8   769.5  1501.6  7699.7  96442.3    96917
read      337.9   229.5    80.4   142.9   165.2   314.3   385.7   424.0   450.8   480.6   518.7   581.5   773.2  2104.9  8827.6  82625.7    82707
read      310.5   217.1    86.8   153.6   175.8   307.7   347.3   365.4   377.6   393.6   413.8   450.4   561.1  3553.3  9011.8  10184.0    10106
read      357.6   288.6    80.4   147.8   174.5   343.8   415.9   448.8   468.6   492.1   520.9   574.5   785.7  2054.1 13734.6  34717.0    34924
read      339.3   206.5    74.4   145.7   168.5   316.8   386.0   423.8   450.6   480.9   519.9   585.1   787.6  2070.7  8039.0  82756.0    82994
read      342.0   229.0    74.4   145.9   168.7   318.6   389.9   428.1   455.2   486.4   526.3   591.3   794.0  1600.9  7960.4  78155.7    78139
read      340.8   200.4    74.4   147.4   170.1   317.9   388.1   426.2   453.8   485.8   526.3   590.8   779.9  1709.5  7981.8  84498.7    84193
read      339.1   183.4    80.4   151.6   174.5   316.3   384.6   421.8   448.3   478.8   518.7   583.5   757.4  1820.4  6552.3  94313.7    94191
read      346.4   201.4    74.4   145.8   168.7   326.4   397.6   436.9   464.4   494.7   530.9   587.2   787.9  1831.9  7563.9  64986.7    65117
read      342.4   247.0    80.4   150.7   172.6   331.1   401.4   427.6   444.9   463.9   490.9   540.7   742.4  2847.4 10818.6  21840.7    21764
read      339.4   236.4    74.4   141.7   164.0   312.6   383.1   422.4   450.5   482.5   524.4   593.7   800.0  2438.9  9303.9  85015.3    85070
read      332.9   236.9    80.4   150.3   171.4   332.4   388.2   410.2   424.9   440.9   462.4   499.0   666.3  3539.5  8626.2  17534.3    17527
read      336.4   334.9    80.4   153.6   175.1   339.1   391.0   412.6   426.6   442.6   464.6   500.7   636.6  2479.2 12910.5  16759.7    16736
read      334.9   243.7    86.8   145.7   167.1   323.5   398.5   428.4   446.8   465.6   491.2   532.1   663.0  1481.4 10729.7  24188.7    24206
read      337.9   217.3    80.4   146.0   168.6   314.8   383.8   421.7   448.6   479.5   519.4   583.8   773.1  1860.0  8083.7  85174.3    85216
read      341.2   249.0    74.4   146.3   169.1   317.9   388.2   426.5   453.2   483.2   520.8   584.5   784.0  1918.0  7758.2  80879.3    80575
read      336.0   195.5    74.4   144.5   166.6   315.2   384.0   420.4   446.7   476.7   516.3   581.8   761.0  1778.4  6615.3  85030.3    84950
read      336.2   175.8    74.4   142.6   165.1   316.6   386.7   424.7   451.4   480.7   516.4   578.4   767.5  1704.8  5777.4  76172.3    76130
read      343.1   215.5    74.4   142.0   165.6   326.5   396.4   434.6   459.4   486.4   518.0   568.4   751.6  1743.8  8189.7  52556.7    52457
read      340.3   194.7    74.4   142.4   165.6   322.3   393.7   432.1   459.4   488.8   523.2   578.6   748.4  1659.0  7605.6  65012.7    64862
read      332.0   360.5    74.4   145.4   166.4   324.9   387.4   412.1   428.4   447.3   469.2   506.2   637.8  4375.2 16820.6  20514.3    20623
read      336.1   200.2    74.4   143.5   166.4   312.4   381.9   419.3   446.2   476.8   517.3   584.1   764.7  2174.3  7621.5  88146.3    88490
read      317.1   272.4    80.4   147.8   168.5   313.1   358.2   378.0   392.0   406.9   430.8   479.3   634.7  3569.2 11103.6  13105.0    13110
read      341.6   196.2    80.4   144.9   167.9   319.0   388.6   427.4   455.3   487.1   527.8   593.1   793.2  1801.5  7700.5  78792.3    78875
read      317.4   308.5    86.8   150.1   172.1   314.2   355.2   371.8   384.5   398.1   417.6   451.0   590.6  4306.6 13363.1  11890.3    11855
read      340.1   203.6    74.4   142.5   164.6   318.1   389.9   428.9   456.3   487.2   526.2   590.1   772.8  1796.7  6856.0  75506.0    75792
read      337.7   198.9    80.4   142.7   165.2   315.7   387.6   427.2   454.5   484.8   522.7   584.7   763.7  1752.1  7491.0  78556.3    78819
read      339.8   249.7    80.4   147.6   169.1   329.7   402.1   427.5   444.2   462.7   487.5   530.2   688.6  3651.2  9061.3  22813.3    22785
read      341.9   315.2    80.4   140.8   163.3   319.2   395.0   435.1   459.3   484.1   509.9   558.8   739.1  3374.1 15424.4  34386.3    34405
read      307.4   196.8    86.8   148.7   169.4   307.8   348.8   366.7   379.2   394.8   415.7   453.1   591.7  2813.6  7897.4  12013.7    12192
read      349.3   307.7    74.4   141.7   165.2   328.7   401.1   439.9   464.4   491.1   523.0   576.2   753.5  4212.4 12032.1  42316.3    42410
read      336.6   212.7    74.4   142.9   165.2   321.2   395.3   428.8   448.9   468.7   496.6   542.8   726.1  2549.4  7936.2  27822.7    27812
read      346.8   231.2    80.4   141.8   164.4   324.3   398.4   439.2   466.2   495.7   531.7   589.7   828.2  2002.6  8693.1  63634.0    63587
read      349.2   230.7    74.4   140.9   164.3   327.0   400.2   439.9   467.0   496.6   533.4   593.7   842.5  2025.5  8522.7  56256.3    56119
read      342.8   215.7    74.4   141.7   164.8   324.3   396.9   436.5   462.7   489.4   519.2   566.3   742.1  1995.2  8265.4  40747.7    41010
read      346.3   235.9    80.4   142.9   165.7   327.6   399.7   439.4   466.0   495.3   529.7   582.3   773.7  1799.0  8967.7  54143.7    54271
read      343.8   240.5    74.4   141.0   163.1   324.2   396.3   435.5   462.5   491.2   525.0   579.0   775.0  1815.4  9976.9  52726.3    52533
read      329.6   182.7    74.4   146.3   168.4   308.2   372.8   409.0   434.6   465.2   503.9   569.0   742.4  1483.2  6719.4  98339.0    98399
read      306.6   526.4    93.8   159.6   181.8   280.3   310.3   326.5   339.0   353.8   372.9   413.8   578.8  7586.1 22012.1   6917.3     6840
read      348.0   248.0    74.4   141.6   164.6   325.1   399.2   438.3   465.9   496.7   535.2   601.8   817.4  2009.6  9089.7  69075.7    69346
read      339.6   210.8    74.4   141.5   164.6   320.1   395.5   433.7   456.8   481.3   508.5   559.8   761.5  2112.0  7881.3  33794.3    33615
read      332.6   205.0    74.4   140.9   163.3   315.0   393.1   429.4   451.2   473.2   500.8   545.4   713.7  1244.3  8452.7  30123.0    30037
read      346.0   245.2    74.4   143.1   166.2   326.5   401.9   442.7   467.8   494.0   524.9   574.1   743.9  2034.2  8311.7  41368.3    41358
read      332.4   230.0    80.4   147.5   169.6   326.8   388.4   414.2   430.0   448.9   470.1   508.6   667.7  2375.5 11117.3  19668.3    19472
read      345.2   288.9    74.4   148.1   171.5   332.2   406.4   434.7   452.2   469.6   495.9   541.3   709.4  3108.9  7983.0  25060.0    24762
read      328.0   203.0    80.4   148.8   170.2   326.5   385.5   408.7   424.0   440.4   464.2   502.9   635.6  1480.9  7911.4  18812.7    18918
read      342.2   245.7    80.4   145.2   168.3   325.0   402.3   437.3   458.0   479.9   504.4   545.5   721.6  2494.1 11335.1  30377.0    30403
read      319.9   233.6    86.8   159.7   182.7   321.2   358.3   374.6   388.5   402.3   424.8   460.8   578.9  3691.1  9265.4  10992.7    10959
read      348.1   276.0    74.4   147.9   172.3   333.8   405.2   436.7   455.9   476.5   503.8   551.7   731.4  2690.5 13571.5  26987.7    27237
read      334.9   255.0    74.4   146.4   168.8   312.4   377.9   413.9   439.9   469.6   507.4   574.4   755.4  1698.9  8537.8  92379.7    92424
read      331.3   232.3    74.4   147.5   169.6   308.0   372.0   408.3   433.9   463.8   502.3   569.2   753.6  1646.3  8933.7  99801.0    99616
read      349.7   264.0    80.4   148.0   171.8   333.1   406.2   446.7   470.8   494.4   522.3   567.5   743.8  1242.3  9471.3  40526.0    40532
read      299.8   291.6    93.8   166.7   190.5   282.7   310.1   325.4   337.5   351.6   371.9   415.2   586.0  4620.6 11201.1   6185.7     6177
read      368.2   232.3    80.4   151.3   178.6   357.2   425.5   459.9   483.1   508.0   542.2   603.9   791.7  1572.3  9316.1  42522.7    42623
read      339.1   216.5    74.4   145.4   168.7   317.9   383.1   419.2   445.5   475.4   513.0   580.4   790.2  1878.8  8694.6  81167.7    80929
read      347.3   226.1    80.4   143.2   166.1   328.6   401.2   441.5   467.7   496.4   531.7   587.9   774.8  1684.9  7926.5  53916.7    53710
read      339.8   252.9    80.4   148.3   170.9   324.7   398.6   431.4   451.9   472.8   500.1   543.3   698.2  1337.7 11298.8  27454.0    27528
read      346.7   252.8    74.4   143.4   166.9   327.6   398.9   438.5   465.5   492.9   524.0   573.0   770.6  1568.4 10795.1  48984.3    48706
read      332.3   207.9    80.4   150.4   173.4   314.0   374.2   407.5   432.8   462.0   499.3   561.2   731.4  1218.7 10253.9  99977.0    99839
read      342.6   228.5    74.4   144.4   167.8   320.9   391.5   430.6   457.7   487.6   524.0   583.3   769.1  1860.5 10485.6  71941.0    72228
read      341.2   202.5    80.4   148.5   171.6   328.1   403.4   437.7   456.7   476.9   501.6   542.1   697.4  1419.5  9691.0  29866.7    29736
read      300.8   281.3    93.8   165.5   188.8   286.5   313.7   328.6   339.9   353.8   372.0   411.0   607.6  4564.3  8129.0   7225.7     7223
read      369.4   269.4    80.4   151.6   178.6   353.2   422.3   457.3   480.7   506.5   542.6   610.2   847.7  1810.0 12559.5  40783.0    40773
read      365.4   203.6    74.4   149.8   176.3   350.0   419.2   457.3   483.4   511.9   549.4   622.8   818.2  1544.9  7442.7  52810.3    52948
read      367.2   219.1    80.4   152.1   178.8   353.5   424.9   460.3   483.8   508.6   543.2   607.1   806.8  2301.7  7926.2  40596.0    40580
read      367.6   255.4    80.4   152.3   178.5   350.1   420.8   459.3   485.0   513.1   548.2   615.1   815.8  1605.8  8279.0  47137.3    47316
read      341.6   386.0    86.8   159.7   184.5   329.9   371.5   391.3   403.9   423.0   447.4   496.8   715.9  5456.0 15567.8  11942.7    11909
read      369.0   220.5    80.4   155.2   181.8   355.0   426.5   462.9   486.3   510.3   543.8   600.7   792.4  1727.4  7886.7  38915.7    38893
read      332.1   190.7    74.4   149.1   172.0   313.2   374.1   407.9   433.3   463.3   501.9   569.6   748.5  1327.3  7547.7  99116.3    99274
read      334.4   202.8    74.4   148.2   170.7   314.9   378.3   413.8   439.9   469.4   506.7   569.3   737.9  1671.8  8295.1  86946.7    86838
read      340.6   192.1    74.4   150.0   173.4   319.9   386.2   423.5   449.9   479.8   517.6   580.4   776.4  1770.7  7983.6  83547.0    83833
read      339.3   259.0    74.4   152.3   175.6   331.8   398.9   425.3   442.0   459.8   482.2   521.2   667.0  2196.7  9670.0  22793.7    22462
read      339.9   202.5    74.4   149.0   172.5   325.1   398.2   432.7   453.7   475.5   502.9   547.1   724.2  1165.6  8135.7  30251.3    30205
read      333.8   216.7    74.4   148.8   171.6   312.5   376.0   411.8   437.7   467.9   506.7   576.9   762.9  1337.2  7763.1  97062.0    97013
read      339.1   191.8    74.4   149.5   173.4   321.4   386.0   422.6   449.0   478.7   514.5   574.6   741.4  1484.8  5716.7  77998.7    78133
read      336.3   197.8    74.4   147.1   169.9   315.1   381.9   419.0   445.7   475.5   512.8   577.0   757.1  1789.6  7827.2  85640.7    85807
read      347.3   234.7    80.4   148.6   172.2   326.7   397.0   436.5   462.1   489.2   520.4   571.1   767.5  3299.6  9914.5  42609.3    42812
read      347.6   193.3    80.4   150.5   175.0   333.0   409.1   446.2   467.6   491.3   519.2   567.0   708.7  1185.3  5898.6  37121.3    37063
read      350.2   218.7    74.4   153.2   177.3   332.6   407.4   444.4   465.3   488.5   515.0   563.3   741.9  2012.5  8024.1  37635.0    37676
read      338.2   202.8    74.4   147.0   170.4   320.4   385.8   422.4   448.4   477.1   511.1   567.0   738.6  1681.4  7957.3  69366.7    69554
read      335.6   175.4    80.4   149.9   173.4   329.2   399.8   428.6   446.2   463.6   487.3   524.4   664.1  1253.3  6643.0  24134.7    24112
read      337.2   209.5    74.4   152.4   175.3   329.1   395.4   422.0   438.8   458.6   482.8   522.5   670.6  2401.6  8365.5  22032.0    21967
read      341.7   299.1    74.4   147.1   170.2   319.1   386.5   423.7   450.5   480.9   518.6   581.3   767.1  1954.3 11659.1  76772.7    76931
read      333.0   206.9    80.4   149.9   172.6   326.7   394.0   421.6   438.9   458.8   483.3   523.3   646.6  1040.2  8674.4  21779.3    21899
read      347.4   227.1    74.4   146.4   170.5   328.2   397.6   437.4   463.3   492.0   526.8   582.8   772.5  1839.0  9529.4  58582.0    58552
read      338.0   197.2    74.4   151.6   174.9   318.5   381.6   417.4   443.9   473.8   511.5   574.3   757.5  1344.4  8426.9  83797.3    83863
read      340.8   221.1    74.4   143.7   167.5   322.2   390.0   428.5   454.9   483.2   514.9   567.3   761.3  1762.2  8104.5  52105.3    51944
read      336.5   214.4    74.4   144.4   167.5   315.8   380.4   417.2   444.2   475.7   515.1   579.8   782.1  1880.5  8658.6  77377.7    77124
read      342.7   251.7    80.4   149.8   173.3   328.8   399.9   432.1   452.9   474.6   501.4   543.1   695.4  2341.6 11469.0  30710.3    30585
read      335.3   241.3    74.4   147.0   170.2   323.0   395.3   427.2   447.1   467.3   494.8   536.3   678.2  1823.2  7643.4  26074.3    26157
read      331.2   171.8    74.4   152.6   175.7   313.8   370.9   404.8   430.7   461.3   500.5   566.6   744.9  1210.4  4834.6  94748.0    94819

Total QPS = 50675.9 (91216648 / 1800.0s)

Total connections = 64
Misses = 0 (0.0%)
Skipped TXs = 0 (0.0%)

RX 22530512797 bytes :   11.9 MB/s
TX          0 bytes :    0.0 MB/s
Warning! Detected max cpu usage > 95%
CPU Usage Stats (avg/min/max): 99.67%,0.51%,100.00%
