Random waveform, random seed
Total number of intervals = 360 (68644, 22767, 28628, 13899, 49075, 25774, 25004, 5840, 75980, 99564, 19085, 87950, 59665, 66540, 90024, 51686, 16905, 27175, 11322, 49704, 64278, 80898, 10871, 68359, 72418, 90097, 47690, 37996, 37497, 99973, 49144, 55509, 55825, 46659, 79248, 21550, 85599, 72399, 42017, 64365, 29003, 45031, 81154, 28991, 33150, 5347, 54157, 35328, 41056, 64316, 55335, 65543, 68440, 8918, 27391, 18047, 21686, 9120, 96857, 36413, 24652, 73105, 42629, 87494, 84580, 46360, 98614, 11500, 97193, 66661, 33640, 64299, 45250, 54906, 77267, 62091, 97743, 96070, 96890, 21905, 78290, 62955, 76428, 22943, 40780, 79614, 83241, 46186, 24415, 79976, 82589, 14622, 25469, 24929, 62640, 14307, 53135, 55058, 69076, 65714, 89979, 57371, 91385, 20717, 63936, 36377, 99056, 24096, 36428, 97213, 34801, 12745, 31853, 61626, 60826, 13162, 96224, 34136, 45361, 34222, 73851, 40262, 19018, 93844, 31478, 34826, 48471, 48042, 53594, 69701, 13722, 6768, 88645, 54544, 79032, 85302, 15096, 18039, 74329, 96505, 91076, 57573, 61130, 88891, 13684, 36098, 56669, 67855, 53505, 97282, 47426, 61043, 50434, 65066, 29658, 35039, 29022, 77671, 15674, 47473, 89398, 76946, 83197, 64480, 62585, 31246, 20147, 64645, 70686, 42477, 11042, 91466, 65122, 18389, 78210, 42824, 44321, 27791, 10767, 32715, 10325, 20389, 47169, 16887, 92560, 10915, 56761, 11529, 18850, 20994, 48254, 7993, 56855, 56519, 18510, 22834, 7628, 11522, 92405, 73400, 57226, 28546, 56406, 19680, 6370, 42599, 64338, 49395, 83344, 74142, 76939, 58572, 41083, 53475, 61802, 72058, 11210, 65428, 21276, 41630, 27365, 62011, 73538, 92888, 10386, 92210, 28380, 20690, 73674, 93220, 85520, 72258, 59785, 88660, 24399, 91231, 97228, 83145, 51797, 90766, 78683, 16122, 75063, 82676, 59594, 12332, 17899, 11478, 12645, 57606, 56661, 24737, 67362, 48690, 26102, 19210, 96480, 50907, 34751, 21906, 90164, 30509, 78042, 83994, 68595, 58542, 16977, 90793, 58959, 84303, 37763, 22171, 74546, 36007, 41959, 43956, 77424, 49361, 83131, 15413, 18822, 34591, 87298, 27446, 91035, 41373, 68588, 32250, 84855, 98524, 18048, 41503, 67414, 62413, 82458, 98722, 23824, 22304, 32730, 77789, 93897, 71430, 8244, 7645, 7883, 15212, 68085, 26461, 70521, 21262, 6274, 42517, 18124, 79458, 27893, 96702, 79947, 72276, 79401, 21670, 25512, 79484, 78483, 84718, 77767, 17825, 87809, 68266, 34036, 75690, 75196, 37302, 50087, 33197, 35917, 54024, 71761, 62586, 52039, 63302, 17412, 85026, 26877, 29439, 53720, 13041, 68171, 48457, 8204, 89813, 22652, 87632, 37904, 16587, 86182, 73749, 37662, 20658, 10466, 18655)
Average QPS expected = 51416
Timestamp start: 1653395209465
Timestamp end: 1653397009963

#type       avg     std     min      p5     p10     p50     p67     p75     p80     p85     p90     p95     p99    p999   p9999      QPS   target
read      502.7  1325.4    80.4   150.6   176.0   344.5   420.4   462.1   491.8   526.6   577.9   759.7  4293.3 18623.9 38029.4  68649.4    68644
read      432.0   645.4    80.4   145.9   169.5   368.5   466.9   521.5   567.4   621.8   696.5   825.6  1130.2  9190.6 19949.2  22720.0    22767
read      428.9   305.2    80.4   149.6   172.3   376.5   485.9   546.2   596.7   659.1   755.0   910.7  1168.9  2455.2  8740.3  28614.6    28628
read      377.6   351.0    80.4   152.0   176.7   348.6   428.0   469.9   496.1   528.4   572.3   637.5   826.7  4922.9 15702.1  13885.4    13899
read      491.9   708.1    80.4   150.6   176.5   371.6   488.4   564.6   633.9   736.7   884.7  1130.2  1800.1  8667.0 31428.0  48930.8    49075
read      447.7   539.2    80.4   150.0   173.9   380.7   484.0   544.6   595.4   659.1   750.9   914.0  1226.0  8074.8 23988.6  25741.8    25774
read      422.3   325.8    80.4   150.1   172.6   375.7   474.2   531.0   581.3   639.6   727.3   873.0  1102.1  2987.1 10896.0  25025.4    25004
read      326.3   499.6    93.8   165.2   188.7   298.6   342.1   365.1   380.6   398.6   423.0   461.6   589.5  7390.4 28679.5   5861.2     5840
read      449.8   719.7    80.4   147.8   172.7   341.6   422.4   468.6   503.5   550.8   668.1  1048.3  2000.0  9775.8 29890.9  75616.2    75980
read      339.4   301.5    80.4   149.6   171.2   309.7   374.7   410.9   437.0   467.0   505.3   571.7   797.1  3870.4 11759.1  99611.6    99564
read      402.2   315.1    80.4   150.6   174.4   367.9   450.3   499.1   541.5   590.5   658.1   765.8   967.3  3486.9 12571.9  19033.0    19085
read      465.7   732.3    80.4   156.8   184.9   359.3   438.6   489.0   529.8   587.7   691.9  1034.2  1977.6 10186.2 31209.1  87871.8    87950
read      349.4   375.5    80.4   140.1   161.7   316.9   392.0   433.1   460.4   490.4   526.5   585.4   841.9  4331.7 12144.8  59729.0    59665
read      344.5   259.8    74.4   142.4   164.1   316.3   391.5   433.2   459.8   488.5   523.7   582.9   825.9  3397.7  7598.0  66566.2    66540
read      355.7   347.8    80.4   148.5   171.0   320.4   393.5   433.1   460.5   493.7   538.5   620.7   876.9  4530.1 11588.0  90053.4    90024
read      429.9   469.6    80.4   144.4   168.3   345.9   444.0   496.5   541.2   609.2   747.6  1019.2  1583.7  4935.0 15234.6  51749.0    51686
read      431.1   670.6    80.4   152.0   177.1   377.2   464.9   513.0   546.0   589.6   654.4   766.2   999.3  8779.7 31330.0  16888.2    16905
read      446.9   359.3    80.4   151.7   175.0   382.9   498.1   565.6   621.4   703.7   818.4   957.2  1200.0  3420.6 12013.0  27211.6    27175
read      381.3   317.3    86.8   157.1   183.7   360.3   429.2   467.2   497.1   530.7   572.8   638.5   812.3  3807.2 14337.2  11304.4    11322
read      500.9   724.6    80.4   147.8   173.6   368.4   482.2   566.9   649.9   773.0   937.7  1231.9  1804.8  9232.0 30941.9  49585.2    49704
read      373.0   359.5    74.4   141.7   164.0   326.6   407.3   450.2   482.3   521.8   578.1   697.7  1305.8  3803.7 10210.6  64127.4    64278
read      350.7   376.1    74.4   142.7   164.4   315.4   388.5   427.1   454.9   489.2   535.4   612.9   866.4  4262.8 12555.0  80822.0    80898
read      360.5   361.6    86.8   154.7   179.8   337.9   396.8   428.8   453.7   483.3   520.4   582.2   788.8  4665.6 16512.1  10884.8    10871
read      499.8  1102.3    80.4   149.3   175.1   346.1   425.2   473.0   511.8   563.0   668.1  1105.0  2961.7 13164.2 32464.0  68397.4    68359
read      351.1   315.5    80.4   143.4   164.8   317.9   393.0   432.5   462.6   497.2   540.4   616.9   889.5  3253.1 10931.5  72366.2    72418
read      342.9   339.0    80.4   145.5   167.5   310.2   378.3   414.3   440.3   473.3   517.2   588.6   857.7  3641.3 10947.8  90254.6    90097
read      443.8   446.0    80.4   143.7   167.9   347.5   457.3   518.9   577.4   678.7   828.5  1092.1  1584.4  3892.8 14368.7  47727.0    47690
read      479.8   650.8    86.8   150.8   174.8   368.9   487.7   566.2   643.4   755.3   887.7  1084.7  1574.9  7351.6 31105.2  37916.6    37996
read      443.1   387.7    80.4   149.9   173.3   361.5   475.5   549.1   618.4   717.0   846.5  1016.9  1278.1  2760.4 12847.0  37439.6    37497
read      469.1   625.2    80.4   162.7   194.3   370.4   447.4   498.2   541.1   605.4   724.1  1022.6  1887.5  9537.6 24993.5 100041.2    99973
read      415.6   495.0    80.4   146.7   169.6   341.4   430.8   487.8   527.3   581.8   685.2   947.3  1472.8  4957.2 15764.3  49037.6    49144
read      394.8   420.6    80.4   145.2   168.2   333.5   417.4   470.2   505.7   549.8   627.4   826.8  1436.0  3632.5 12239.0  55563.2    55509
read      361.9   471.7    80.4   141.9   163.7   324.2   397.2   441.2   472.1   507.3   549.3   627.5   904.0  6111.9 25495.7  56027.0    55825
read      460.8   467.6    80.4   145.6   170.3   352.1   467.3   541.9   620.5   746.5   912.7  1148.6  1570.3  4397.1 12857.8  46606.8    46659
read      381.3   443.8    80.4   145.6   168.5   324.7   398.1   443.7   476.2   515.0   572.5   697.7  1588.8  4658.1 12719.3  79287.0    79248
read      413.1   544.3    80.4   147.2   169.9   352.0   447.7   500.6   546.0   607.9   699.3   816.7  1015.6  7056.3 30525.6  21614.2    21550
read      508.5  1011.9    80.4   155.9   184.4   349.6   431.6   486.0   531.3   599.6   733.5  1361.4  2657.1 12368.1 32277.1  85645.4    85599
read      350.0   320.2    74.4   143.1   164.4   315.5   386.8   431.3   461.6   495.5   539.3   616.8   874.9  3490.7 10933.7  72204.0    72399
read      471.6   532.6    86.8   153.9   179.2   362.2   477.0   554.8   631.7   752.1   901.3  1099.8  1535.8  6823.1 16908.1  42079.4    42017
read      375.6   361.5    74.4   150.6   172.7   324.4   402.3   449.8   481.8   520.4   575.5   699.3  1329.4  3800.8 13542.5  64460.6    64365
read      445.7   396.0    86.8   154.8   178.5   365.5   478.7   549.5   619.3   708.6   818.9   970.4  1231.1  4331.5 11859.4  29125.8    29003
read      482.6   552.7    80.4   155.1   181.1   368.1   488.5   573.7   655.5   778.0   927.3  1139.3  1570.3  7053.8 19755.9  44924.2    45031
read      395.4   408.0    80.4   153.3   177.2   330.9   409.9   455.5   490.1   535.6   607.8   795.0  1630.8  4288.2 12363.6  81007.8    81154
read      458.5   646.0    86.8   153.1   177.2   368.6   481.7   552.4   616.3   704.1   804.1   947.3  1261.3  8560.3 31078.1  28812.8    28991
read      451.5   342.9    86.8   156.3   180.1   371.2   490.5   572.2   643.5   735.5   843.0  1003.0  1281.5  3567.8  8882.5  33213.4    33150
read      330.3   493.3    93.8   174.1   197.7   299.8   337.0   358.9   375.3   396.0   420.7   459.7   676.4  7690.7 16169.4   5339.0     5347
read      519.5   910.3    80.4   156.1   182.6   368.0   478.6   552.5   624.8   737.7   908.3  1204.8  2242.5 10989.0 31821.3  54180.2    54157
read      451.6   456.3    80.4   152.3   176.4   364.7   478.5   550.7   621.9   717.5   832.2  1018.1  1324.2  4623.1 15177.8  35251.4    35328
read      477.5   594.7    80.4   149.1   173.2   363.1   482.4   570.2   654.5   763.7   913.5  1135.5  1532.4  7616.5 24898.5  40962.4    41056
read      376.9   340.5    74.4   143.8   166.5   326.4   409.8   456.4   492.1   535.8   596.5   729.2  1239.3  3343.2 12368.2  64340.4    64316
read      368.8   399.6    80.4   144.8   167.0   329.3   409.3   452.1   483.4   519.6   566.2   643.7   941.9  4930.0 14318.4  55352.4    55335
read      350.6   385.7    74.4   141.6   163.1   313.4   389.7   430.4   461.0   497.0   541.7   617.4   866.6  3651.9 13776.5  65674.6    65543
read      345.2   344.1    74.4   143.2   164.9   311.2   384.6   424.6   455.0   490.0   532.1   595.8   824.0  3663.9 11557.2  68476.6    68440
read      361.0   480.1    86.8   161.6   188.0   325.3   385.0   416.7   441.6   470.8   509.6   581.4   738.5  6316.0 18764.5   8909.4     8918
read      446.9   330.7    80.4   150.4   175.2   372.0   491.2   574.4   644.2   726.1   826.2   959.8  1185.2  3729.5  8730.3  27290.2    27391
read      407.6   292.0    80.4   149.9   173.8   364.9   463.3   521.7   569.0   629.9   704.7   792.0   935.8  2862.0  9741.7  18118.0    18047
read      427.7   288.6    80.4   150.5   175.4   375.5   486.6   555.2   612.1   679.0   756.7   863.1  1043.5  2179.5  9288.5  21749.4    21686
read      363.9   461.2    93.8   161.4   189.1   338.9   395.9   428.4   452.8   481.8   522.1   587.2   736.3  4453.4 28990.1   9008.6     9120
read      479.6   870.4    80.4   162.0   190.6   358.3   434.9   482.9   522.6   580.7   689.3  1071.8  2020.5 11036.9 31862.7  96520.6    96857
read      453.0   612.4    80.4   150.0   173.1   359.4   470.1   542.1   604.1   691.1   804.6   997.9  1364.0  7389.1 30478.6  36265.0    36413
read      427.3   358.7    80.4   147.5   170.3   366.3   482.4   559.8   620.6   688.4   767.1   874.0  1061.6  2525.9 13089.9  24652.0    24652
read      496.5   943.9    80.4   148.9   174.7   346.7   429.8   483.4   527.3   593.1   786.0  1336.8  2518.7 10786.1 35447.9  73130.2    73105
read      450.6   447.0    80.4   145.8   170.7   355.6   468.8   537.3   605.8   706.8   855.8  1081.8  1468.5  4547.5 12279.6  42640.6    42629
read      386.1   435.3    74.4   146.6   170.1   322.6   395.0   438.7   472.3   515.0   580.9   766.2  1707.6  3812.7 12255.7  87659.4    87494
read      340.3   309.3    80.4   143.1   164.8   306.7   374.6   416.4   446.4   481.0   525.6   598.9   805.8  3901.3  9991.3  84317.0    84580
read      454.0   476.1    80.4   147.3   171.7   352.9   466.8   539.5   609.7   710.9   861.6  1101.6  1486.1  4746.5 16131.5  46443.2    46360
read      365.8   323.3    80.4   152.1   175.2   315.5   382.9   423.6   454.8   493.9   547.8   672.6  1522.5  2986.8 12037.6  98686.8    98614
read      377.4   436.6    86.8   150.8   176.2   344.8   414.2   456.3   486.9   523.9   573.0   640.8   782.0  5841.5 27973.8  11518.2    11500
read      501.3   903.6    80.4   167.0   198.2   375.8   457.4   508.4   550.7   613.9   726.1  1115.3  2143.2 11106.2 32214.6  96992.0    97193
read      360.1   389.7    74.4   143.6   165.0   321.0   398.3   442.9   475.3   512.7   559.9   635.5   911.0  4066.9 13785.4  66652.2    66661
read      442.8   402.7    80.4   148.2   171.7   360.7   485.7   564.0   626.5   707.4   820.3   980.1  1254.9  3964.8 12672.6  33558.4    33640
read      482.7   930.0    74.4   146.8   171.1   344.6   433.4   487.8   528.5   583.0   705.8  1121.0  2356.3 10734.6 31797.1  64290.8    64299
read      446.6   419.9    80.4   146.6   171.5   353.8   469.9   542.3   605.8   702.1   844.4  1056.1  1442.3  3939.5 13330.6  45197.2    45250
read      371.4   298.6    74.4   141.2   162.7   319.3   403.2   452.5   487.8   528.2   580.5   694.1  1395.2  3627.2  8876.7  55017.4    54906
read      347.6   355.7    80.4   141.6   163.1   309.2   383.6   427.3   458.9   496.1   541.4   611.8   848.3  4858.8 12433.7  77117.8    77267
read      354.1   289.6    74.4   141.9   163.4   318.0   397.3   442.2   474.9   511.8   556.9   628.5   885.9  3721.5 10103.3  61971.6    62091
read      343.6   296.2    80.4   149.1   171.1   309.8   377.0   417.2   446.9   482.7   531.7   608.8   831.7  3266.2  9925.3  97574.6    97743
read      354.7   283.7    80.4   149.2   171.6   317.7   389.7   431.9   463.5   501.6   551.8   637.3   922.6  2862.3 10411.7  96130.6    96070
read      355.0   345.2    80.4   152.0   175.1   317.6   387.9   428.3   458.7   495.0   542.0   621.1   901.3  3898.7 13520.4  96893.2    96890
read      450.0   613.5    80.4   149.2   172.4   382.0   498.4   570.5   624.8   681.9   751.1   859.5  1137.8  7902.7 31810.4  21925.6    21905
read      493.4   918.5    80.4   150.1   176.7   351.7   437.0   492.9   538.7   605.7   754.4  1310.0  2193.6 11285.3 32355.6  78636.2    78290
read      354.3   472.1    74.4   139.6   160.5   315.6   393.5   438.7   470.3   507.3   551.9   622.2   870.1  4004.5 14661.3  63024.0    62955
read      356.9   347.0    80.4   144.1   165.9   320.2   398.7   443.6   474.6   512.4   559.4   632.9   864.1  3867.7 11034.0  76485.6    76428
read      419.4   353.7    80.4   145.9   168.6   366.6   478.5   545.2   593.2   650.5   720.8   827.9  1032.6  3861.6 15369.6  22967.6    22943
read      493.0   710.1    80.4   147.7   172.7   369.0   501.8   582.7   655.8   756.5   905.9  1125.2  1917.5  8406.2 32059.3  40878.0    40780
read      367.1   339.4    80.4   145.3   167.4   318.9   397.9   443.4   476.3   517.3   572.9   682.7  1232.0  3191.2 16047.5  79478.2    79614
read      348.6   277.7    74.4   144.4   166.4   314.7   389.0   431.3   462.6   499.6   546.0   621.5   863.7  2685.3 12422.3  83079.0    83241
read      455.9   540.5    80.4   146.8   171.0   357.8   476.8   543.9   601.7   687.7   843.1  1099.8  1577.6  4267.1 19210.4  46159.8    46186
read      440.7   441.5    80.4   149.3   172.4   377.9   502.6   571.6   620.7   676.9   758.7   880.3  1096.3  5414.7 15978.2  24423.0    24415
read      498.6   963.0    80.4   151.6   178.9   357.5   441.3   493.9   536.4   594.3   734.8  1292.6  2338.2 11467.1 32197.8  80282.6    79976
read      339.4   303.0    80.4   142.3   163.6   307.4   379.1   420.5   450.6   485.7   528.4   590.4   812.7  3233.6 10485.0  82344.0    82589
read      414.9   582.2    86.8   145.6   170.1   364.7   457.4   511.2   550.0   591.5   640.9   720.0   920.4  8338.1 29340.5  14694.4    14622
read      435.2   333.6    80.4   148.0   171.4   374.4   500.3   573.8   625.0   687.4   778.2   898.1  1093.5  3034.0 11813.2  25317.8    25469
read      452.5   398.8    86.8   149.5   172.6   387.7   515.1   583.4   634.2   702.5   801.7   933.2  1169.7  4630.3 12819.8  25010.8    24929
read      520.0  1193.5    74.4   147.4   172.8   349.7   438.8   494.8   536.2   592.5   753.2  1194.5  3162.5 12695.5 35057.4  62528.2    62640
read      404.6   343.7    86.8   151.2   176.5   373.4   466.3   516.5   550.1   589.7   636.6   713.9   890.5  4064.1 12694.3  14315.2    14307
read      500.7  1029.9    80.4   147.3   171.8   351.6   449.3   506.6   548.2   609.3   749.3  1118.0  2801.2 12676.1 32134.8  53156.2    53135
read      356.5   345.3    80.4   142.8   164.6   322.6   403.1   450.0   481.1   513.8   549.3   608.7   843.5  3748.1 12434.8  55071.0    55058
read      351.6   360.7    80.4   140.7   162.6   315.0   394.0   437.5   468.4   504.1   545.4   610.6   866.4  3878.1 14160.3  68807.0    69076
read      352.0   317.6    80.4   142.1   163.4   316.0   395.1   440.2   471.7   508.2   548.4   615.9   883.9  3599.3  8243.2  65680.4    65714
read      358.1   357.6    74.4   151.7   174.4   321.5   394.5   435.1   465.3   501.5   546.3   621.7   863.3  4430.9 10924.2  90169.6    89979
read      356.4   304.8    74.4   143.7   165.3   322.6   403.7   448.7   480.9   516.9   556.2   621.1   875.1  3191.5 10165.3  57385.4    57371
read      347.3   286.0    80.4   150.7   172.8   314.8   386.2   426.8   456.2   491.0   534.7   601.3   808.3  3523.4 10693.6  91323.0    91385
read      424.2   531.4    80.4   146.5   169.9   370.5   470.3   528.5   572.4   624.6   700.0   809.3  1016.3  5652.2 30339.7  20694.6    20717
read      442.9   799.2    80.4   145.8   169.7   340.4   427.0   476.4   512.5   553.8   623.9   869.3  1929.5 10591.9 31497.2  64102.4    63936
read      461.3   640.7    80.4   145.2   168.0   358.0   482.3   557.7   621.8   713.6   849.9  1041.7  1419.9  8657.9 31111.7  36488.0    36377
read      449.3   597.7    80.4   160.4   188.5   363.4   444.0   493.5   533.5   588.8   688.0   921.7  1808.4  9508.6 25564.9  98796.6    99056
read      465.7   914.3    80.4   149.0   172.7   380.7   483.0   542.2   586.9   643.0   725.7   845.8  1228.6 16137.0 31957.7  24109.6    24096
read      450.4   403.6    80.4   148.6   171.1   365.4   492.1   567.2   628.9   725.0   849.0  1014.8  1331.7  3901.8 13581.6  36268.0    36428
read      507.3   921.6    80.4   160.9   193.9   367.4   449.9   510.5   564.8   634.7   738.9  1311.9  2231.8 10994.1 32297.6  97191.2    97213
read      434.7   361.0    80.4   146.4   169.6   359.6   480.5   545.8   600.8   681.2   800.0   965.1  1272.3  3177.2 12303.8  34794.4    34801
read      399.4   351.7    86.8   151.4   176.5   375.9   462.2   507.3   538.0   572.5   615.8   682.3   825.4  4267.8 15246.1  12797.8    12745
read      459.9   398.8    80.4   151.4   176.2   381.2   508.2   584.8   647.9   746.8   863.5  1021.9  1279.5  2605.2 12635.0  31871.2    31853
read      563.9  1160.9    80.4   155.0   182.1   372.7   465.9   524.2   573.3   662.5   922.1  1535.5  2959.9 11796.6 32452.2  61680.8    61626
read      366.3   366.4    80.4   143.9   166.1   329.1   409.8   455.2   487.4   522.5   564.5   636.3   933.2  4275.6 12534.5  60714.2    60826
read      413.3   396.5    86.8   152.9   178.9   380.6   470.7   523.4   560.3   603.4   656.7   731.4   889.4  4296.4 14403.3  13186.0    13162
read      497.1   744.2    80.4   167.0   199.9   388.1   472.3   527.4   573.2   637.9   749.6  1104.5  1984.7 10104.1 31367.2  96183.4    96224
read      462.2   406.7    80.4   148.9   171.3   366.3   497.7   569.9   634.3   748.0   885.4  1076.0  1447.9  4052.3 12745.3  34139.2    34136
read      497.3   516.3    74.4   147.3   170.2   354.8   485.8   556.9   629.3   786.4  1061.5  1436.7  1953.2  4408.4 15573.7  45336.8    45361
read      478.4   488.0    80.4   151.2   174.8   382.6   518.5   598.3   673.6   781.0   911.0  1084.0  1455.9  4340.7 19733.5  34017.0    34222
read      455.5   627.6    80.4   149.6   174.0   347.6   433.3   486.2   525.3   577.2   687.9  1248.6  1973.7  8862.4 25288.5  73882.0    73851
read      473.3   549.6    74.4   144.1   168.0   362.4   490.8   564.2   638.3   764.4   929.5  1164.6  1563.7  5515.3 20445.4  40199.0    40262
read      438.0   398.5    86.8   149.5   173.1   388.9   503.4   564.2   611.3   671.3   739.3   837.4  1045.9  5500.4 15601.1  19103.6    19018
read      543.0   891.8    80.4   172.7   208.1   400.1   487.8   546.1   597.9   677.4   821.8  1415.5  2474.8 10044.5 31643.4  93915.6    93844
read      467.4   483.2    80.4   149.3   173.4   379.3   507.8   577.9   641.9   742.2   865.9  1042.2  1403.6  5751.5 21112.7  31485.2    31478
read      475.3   419.0    80.4   147.9   171.3   372.5   511.1   595.1   684.7   806.4   939.7  1102.3  1438.8  4394.1 12266.1  34865.4    34826
read      477.4   509.5    80.4   144.2   168.2   354.1   484.3   560.8   637.4   766.6   953.6  1236.8  1766.5  4996.4 14721.5  48615.6    48471
read      465.8   467.3    80.4   144.8   168.5   356.1   485.2   555.6   624.4   738.0   903.6  1169.6  1653.8  4230.2 15741.7  48031.8    48042
read      471.2   533.6    80.4   144.9   168.7   350.2   472.7   546.1   615.9   733.8   921.1  1247.7  1852.7  4336.2 19087.2  53566.6    53594
read      368.2   363.6    80.4   143.7   165.3   323.4   404.7   452.1   486.1   525.6   577.0   675.0  1108.7  3785.1 10062.2  70009.8    69701
read      411.1   404.4    86.8   148.3   172.6   377.3   468.5   521.6   559.2   607.5   664.7   739.1   888.6  4177.5 15762.6  13684.6    13722
read      371.0   361.6    93.8   166.0   196.9   348.5   410.2   443.5   464.9   490.5   522.1   571.8   730.6  4359.9 14844.3   6791.2     6768
read      451.3   700.5    74.4   150.4   176.5   344.9   426.8   476.9   517.1   573.8   686.8  1062.3  1944.6  8765.2 31460.0  88456.8    88645
read      354.7   349.8    74.4   141.1   162.4   319.8   398.2   444.1   475.6   509.7   549.0   612.4   873.0  3823.5 11055.8  54511.4    54544
read      353.3   390.1    74.4   143.3   165.0   314.4   391.4   435.1   466.6   502.2   544.2   614.9   863.1  3965.6 13020.1  78990.4    79032
read      344.8   255.1    80.4   144.7   166.1   312.0   384.8   426.8   457.7   493.0   535.6   604.8   860.3  3241.1  8512.8  85344.6    85302
read      430.6   607.9    80.4   149.7   173.9   387.2   483.9   534.5   571.2   615.1   671.0   754.0   965.3  7342.0 32110.9  15088.4    15096
read      427.3   324.0    86.8   149.3   172.9   387.6   497.6   554.8   594.2   651.8   724.9   815.8  1000.6  3832.0  8463.6  18013.4    18039
read      478.0  1041.8    80.4   149.3   173.9   344.3   425.1   471.7   506.8   549.6   622.2   872.9  3248.7 13124.0 32192.0  74411.4    74329
read      338.9   240.5    74.4   147.7   169.2   308.8   377.6   417.2   446.5   481.0   525.4   592.6   811.4  2520.3  8873.0  96470.2    96505
read      358.5   368.5    74.4   146.3   168.4   319.4   393.6   436.3   467.8   505.4   553.6   638.6   937.6  3756.1 12406.4  91169.6    91076
read      357.0   366.4    74.4   141.3   162.7   320.0   400.9   447.1   479.2   513.2   550.0   613.9   869.3  4327.0 11540.9  57442.0    57573
read      359.7   325.3    74.4   143.3   164.8   321.5   403.6   450.4   482.7   517.8   558.5   626.6   938.8  3802.2 11383.4  60997.6    61130
read      344.2   305.1    80.4   145.3   166.8   311.1   383.1   423.6   453.5   488.9   533.3   600.2   831.7  3230.8 11532.5  88815.6    88891
read      401.7   312.2    86.8   149.7   174.9   372.7   463.7   511.7   545.2   582.2   631.5   709.7   870.4  4205.9 11993.1  13715.6    13684
read      464.8   470.6    80.4   148.9   171.7   366.8   501.7   584.7   655.2   756.7   889.1  1059.6  1374.9  5631.1 14495.7  36040.6    36098
read      410.2   593.6    74.4   143.2   165.4   333.1   419.1   468.7   505.2   546.8   609.2   788.3  1847.9  7087.7 24573.6  56510.8    56669
read      352.6   381.5    74.4   140.1   161.0   315.8   394.2   438.0   470.8   508.2   550.1   618.0   846.1  3897.7 12773.9  67856.6    67855
read      361.0   353.8    80.4   142.6   164.1   324.0   406.6   453.4   485.9   521.2   562.1   627.6   883.9  4027.4 15092.4  53363.8    53505
read      412.7   630.1    80.4   151.2   175.9   331.9   406.0   451.1   484.8   527.3   589.4   756.4  1945.3  8266.2 30344.2  97248.0    97282
read      451.8   413.4    80.4   146.6   170.8   353.7   474.3   544.0   604.5   698.9   854.9  1087.5  1559.8  3894.3 12833.7  47373.8    47426
read      374.9   417.8    80.4   142.8   164.9   322.2   404.7   453.5   488.6   528.3   578.0   687.1  1267.8  4514.5 13409.0  61136.0    61043
read      361.5   372.8    74.4   141.1   162.3   321.1   402.5   448.6   481.2   518.6   561.7   631.2   948.0  4278.2 12896.6  50361.2    50434
read      350.1   341.7    74.4   141.6   163.0   314.3   391.2   433.9   465.3   501.6   542.8   607.5   844.8  3837.4 11338.3  65213.0    65066
read      434.8   372.3    80.4   149.8   173.2   362.2   477.8   547.5   603.0   674.8   788.2   937.8  1178.7  4334.5 10698.4  29656.2    29658
read      454.5   404.8    80.4   148.2   170.8   363.6   499.2   584.6   648.3   744.7   870.7  1031.1  1329.9  3855.0 12465.3  35185.0    35039
read      452.6   355.7    80.4   151.1   173.9   373.6   511.5   591.2   650.0   732.2   843.0   983.7  1219.2  3336.0 11405.8  28997.0    29022
read      449.0   836.7    74.4   148.5   172.7   337.2   417.2   464.1   500.7   547.1   620.6   872.9  2033.6 10149.5 31964.7  77688.4    77671
read      590.0  1184.9    86.8   147.1   171.8   392.0   509.5   592.3   646.7   730.3   903.1  1703.0  3662.2 15706.7 37272.3  15670.4    15674
read      482.4   440.5    80.4   152.7   178.8   371.4   498.1   581.9   657.2   775.8   942.1  1194.7  1617.4  4046.2 12167.2  47473.0    47473
read      388.5   369.4    80.4   149.1   172.2   324.0   397.5   442.1   476.2   522.1   589.1   783.9  1695.0  3927.9 11293.8  89518.8    89398
read      349.8   351.7    80.4   145.1   166.6   314.5   386.2   427.4   458.0   494.3   539.3   614.3   870.4  3711.6 11989.3  76737.2    76946
read      352.4   343.4    80.4   145.8   167.4   314.8   386.3   427.1   457.5   493.9   541.5   622.2   946.2  3877.9 11108.4  83286.0    83197
read      359.0   351.3    74.4   146.0   167.1   321.9   399.3   443.2   474.5   510.1   554.4   631.1   927.1  3993.1 12687.2  64428.2    64480
read      359.3   427.3    80.4   142.0   163.7   318.0   395.0   437.8   468.5   503.8   546.9   620.2   976.3  4901.9 16846.2  62494.8    62585
read      469.7   562.8    86.8   148.6   173.2   382.5   494.2   569.7   638.7   734.4   861.8  1023.4  1360.7  6616.2 28166.9  31239.8    31246
read      460.6   539.1    80.4   145.7   170.6   397.6   496.9   571.9   629.5   694.1   778.5   901.1  1262.5  7078.9 16232.1  20189.8    20147
read      385.6   419.1    80.4   145.1   167.6   330.5   412.9   458.9   494.2   536.9   593.5   721.4  1422.6  5185.7 15009.0  64708.8    64645
read      360.8   378.9    80.4   144.4   166.4   321.6   399.7   441.9   472.0   508.7   556.4   634.2   942.8  3885.1 12744.0  70670.6    70686
read      460.3   423.2    80.4   146.4   171.2   363.9   476.0   544.0   611.1   718.8   904.2  1148.1  1523.7  3954.6 12579.9  42427.2    42477
read      460.6  1098.4    86.8   149.6   177.6   373.9   439.3   476.3   507.6   549.6   606.6   702.4  2049.5 13311.8 36490.8  11143.8    11042
read      399.4   366.8    80.4   149.8   173.8   329.8   406.5   451.3   485.4   531.0   605.4   865.8  1751.6  3599.9 11549.7  91242.8    91466
read      358.1   406.9    80.4   142.3   163.8   319.2   399.2   442.2   471.7   507.2   552.3   624.2   917.7  4241.5 15027.8  65401.2    65122
read      473.2   917.4    80.4   146.1   171.6   397.6   481.6   541.7   586.9   639.9   711.8   830.8  1603.7 11206.0 33668.8  18480.8    18389
read      385.8   426.5    80.4   146.3   169.0   325.0   405.1   451.3   484.6   526.7   587.8   738.6  1598.3  4760.2 12683.9  78303.0    78210
read      463.2   531.5    80.4   145.3   170.5   363.5   481.4   549.4   613.7   706.3   863.2  1114.3  1554.0  5688.5 21901.0  42858.0    42824
read      478.6   540.3    80.4   145.4   170.6   368.2   488.2   564.4   638.5   746.4   922.0  1177.9  1660.1  5894.0 14578.5  44359.6    44321
read      477.3   610.6    86.8   146.0   171.7   401.8   511.9   595.7   658.3   735.5   839.5   989.1  1334.5  7506.2 30398.8  27879.8    27791
read      455.6   964.5    80.4   151.8   179.7   371.8   439.1   477.4   506.0   543.8   596.5   692.0  2136.3 17367.0 32115.4  10714.8    10767
read      500.1   646.1    80.4   148.2   173.3   396.3   514.4   594.5   669.9   776.2   922.9  1103.0  1657.6  8247.4 28378.7  32670.2    32715
read      438.3   888.4    86.8   152.9   182.9   367.1   437.0   474.2   501.2   536.8   589.6   686.5  1749.2 10169.1 36719.7  10329.4    10325
read      470.3   692.3    80.4   146.2   172.9   405.5   494.7   554.8   608.2   670.0   750.3   894.4  1336.5 10234.3 30674.6  20283.8    20389
read      472.3   442.6    80.4   147.2   171.9   368.4   490.0   564.7   635.4   738.0   904.6  1165.3  1648.7  4646.2 12224.1  47136.2    47169
read      439.2   523.3    80.4   143.9   169.4   394.5   476.6   526.5   568.2   623.5   693.8   804.2  1161.4  7381.3 17250.1  16988.6    16887
read      387.0   417.8    80.4   151.6   175.0   327.0   400.4   444.0   475.3   513.4   572.4   726.4  1683.7  4136.7 12623.2  92400.4    92560
read      409.1   528.8    86.8   150.3   178.9   363.2   429.2   468.3   493.7   523.9   570.3   665.0  1463.2  7119.5 19776.6  10842.4    10915
read      392.3   495.7    80.4   144.5   166.8   335.0   420.3   466.5   498.7   535.6   588.7   716.6  1456.3  5984.1 20732.5  56556.2    56761
read      425.9   720.3    86.8   149.5   177.3   365.0   432.6   472.4   499.8   535.0   584.1   678.6  1572.6  9211.9 31110.0  11522.0    11529
read      481.3   686.3    86.8   146.7   172.4   407.3   499.4   560.6   616.7   685.2   781.9   942.6  1775.9  9458.5 30279.8  18769.2    18850
read      487.3   898.6    80.4   146.6   172.7   406.5   506.2   571.6   624.0   690.8   779.2   910.4  1424.8 11508.6 31921.1  21006.8    20994
read      477.0   454.2    80.4   150.4   175.2   373.6   494.7   562.2   631.2   730.7   903.0  1192.9  1715.9  4196.7 12361.5  48540.8    48254
read      397.4   709.7    93.8   158.7   187.5   340.5   399.3   430.3   453.1   479.7   518.4   606.8  1554.8  7706.8 32511.3   8064.4     7993
read      391.0   488.1    80.4   145.1   167.5   331.0   417.5   466.1   499.4   535.4   584.3   709.2  1555.1  5802.1 18015.5  56737.6    56855
read      358.1   304.8    80.4   142.0   163.3   324.5   405.7   449.3   480.2   514.2   553.0   625.8   892.4  3801.5  8291.4  56726.8    56519
read      439.2   566.9    80.4   144.4   169.4   393.1   479.5   530.7   571.2   623.7   695.7   814.5  1204.2  7502.1 15928.7  18566.8    18510
read      481.6   735.5    80.4   146.8   171.9   411.4   512.7   577.3   630.7   699.2   793.9   944.8  1295.1 10505.8 32181.8  22842.4    22834
read      424.7  1215.6    93.8   161.2   188.8   342.2   400.8   431.7   453.7   478.3   509.3   579.4  1479.1 14980.5 55904.7   7706.0     7628
read      432.7   459.7    86.8   151.9   180.3   381.2   460.5   507.3   543.3   600.0   685.1   805.3  1387.6  7214.0 15196.7  11563.0    11522
read      445.3   531.7    74.4   155.7   182.9   351.2   432.5   482.9   523.6   582.2   703.4  1074.1  1907.3  6091.8 22078.3  92139.4    92405
read      347.8   371.8    80.4   141.8   163.2   310.7   385.9   429.8   460.9   495.7   537.3   599.7   815.6  4728.4 11895.2  73154.6    73400
read      355.4   358.4    80.4   141.8   163.3   320.2   398.5   442.7   473.4   507.4   546.4   612.6   837.8  4322.7 12623.7  57374.6    57226
read      474.6   873.9    80.4   144.9   170.0   386.4   494.0   558.2   612.5   685.2   790.6   965.3  1445.4  9867.1 35012.0  28438.6    28546
read      392.6   399.6    80.4   143.0   165.6   329.5   419.6   471.7   507.5   549.0   616.3   791.3  1518.1  4008.0 11033.2  56488.4    56406
read      458.2   827.8    80.4   145.0   170.4   388.0   476.3   533.0   573.4   623.5   691.3   803.4  1416.8 10245.9 35600.0  19639.4    19680
read      431.1  1305.8    93.8   160.6   185.9   316.2   368.2   395.6   415.8   438.9   471.1   551.3  3055.4 26331.0 39186.6   6352.0     6370
read      483.0   590.0    80.4   146.5   172.3   373.0   499.9   576.4   645.1   741.4   901.0  1148.2  1605.9  8112.4 27082.6  42328.8    42599
read      364.5   312.5    80.4   142.2   164.3   321.2   403.1   449.5   481.9   519.2   568.2   661.3  1174.2  3453.2 11405.6  64247.6    64338
read      376.0   355.4    80.4   141.0   162.9   329.6   415.6   463.4   495.6   532.0   583.4   699.2  1201.1  4172.1 11830.1  49456.0    49395
read      373.5   384.1    80.4   145.9   169.5   326.0   403.6   448.4   480.6   520.5   577.4   687.1  1246.7  3796.9 12239.6  83308.2    83344
read      365.2   473.8    80.4   145.0   167.0   323.5   402.0   447.4   478.8   514.8   559.7   637.3   882.0  5314.8 29981.2  74240.0    74142
read      380.0   409.6    80.4   147.0   169.9   326.9   404.4   450.3   483.2   522.0   574.9   686.8  1500.1  4752.5 12438.4  76986.6    76939
read      363.9   328.6    80.4   144.5   166.3   329.4   411.3   456.0   486.5   520.5   562.9   636.1   917.7  3751.3  9841.5  58669.8    58572
read      432.0   341.4    74.4   148.0   173.0   372.6   479.7   539.2   586.4   644.6   736.6   935.5  1302.3  2712.1 10638.5  41180.4    41083
read      448.3   456.8    74.4   147.3   173.1   360.1   471.6   538.3   595.2   673.6   797.0  1056.1  1539.4  4469.7 13625.3  53253.6    53475
read      368.7   371.2    80.4   142.8   164.9   324.8   406.3   451.7   483.6   519.0   562.6   646.9  1215.4  3965.5 15073.1  61757.6    61802
read      341.2   285.8    80.4   140.4   161.4   310.3   385.4   428.1   458.3   491.8   530.9   588.7   810.1  2877.5 10167.8  72224.4    72058
read      411.0   791.8    86.8   149.3   175.0   349.1   421.2   457.7   482.2   510.3   550.1   632.7  1591.2 11750.9 31898.0  11199.0    11210
read      369.6   352.4    74.4   141.0   162.8   322.3   404.7   451.6   484.7   522.0   572.6   682.8  1314.9  3663.5 12277.1  65347.2    65428
read      431.2   403.0    80.4   146.3   171.3   389.0   482.1   537.6   578.3   623.1   682.8   791.7  1344.6  5510.0  8111.3  21386.2    21276
read      471.2   509.6    80.4   152.2   178.4   381.6   500.4   573.4   633.6   713.9   834.4  1055.9  1569.7  4651.2 16167.4  41706.0    41630
read      463.9   450.8    86.8   151.6   177.4   409.6   510.6   577.3   628.7   690.8   775.0   928.7  1429.4  5259.7 12806.3  27435.2    27365
read      380.0   332.0    74.4   147.3   170.1   330.9   414.6   463.5   497.3   536.1   590.5   721.0  1266.3  3609.4 12030.7  62055.0    62011
read      355.8   456.4    74.4   145.1   166.5   317.0   393.5   436.6   467.2   501.3   542.1   612.6   889.7  4034.2 17657.0  73515.2    73538
read      341.7   278.3    80.4   147.4   169.2   308.8   377.4   418.2   447.8   482.3   527.8   601.1   846.4  2701.1  9427.9  92986.4    92888
read      422.4  1019.7    86.8   153.9   178.5   343.4   409.6   440.5   460.8   485.1   518.2   588.6  1898.8 15110.7 35484.2  10471.0    10386
read      400.3   432.0    80.4   153.8   177.9   332.6   406.1   451.9   485.6   529.4   598.3   823.5  1700.3  4494.4 14266.8  92013.8    92210
read      440.7   502.4    80.4   148.5   172.9   385.5   487.0   541.8   588.7   641.2   716.0   861.0  1265.6  6421.8 18253.1  28306.8    28380
read      424.9   505.3    80.4   147.8   173.5   387.2   475.2   528.4   564.6   605.7   657.6   748.5  1141.0  5551.6 29333.4  20700.8    20690
read      358.1   360.5    74.4   142.6   164.5   314.2   392.8   437.7   468.9   505.4   549.1   634.9  1120.0  4191.6 12702.5  73810.6    73674
read      334.3   246.5    74.4   144.9   166.7   304.5   373.3   412.8   442.1   475.9   519.1   586.5   792.1  2242.2  8037.6  93055.2    93220
read      348.7   368.4    80.4   143.5   165.2   309.6   381.5   423.9   455.5   492.1   537.2   612.4   864.1  4603.8 14054.2  85479.6    85520
read      356.2   377.0    74.4   143.0   164.6   312.3   388.4   431.6   463.6   499.2   541.6   616.1  1101.6  4221.3 11069.0  72020.8    72258
read      346.1   391.5    74.4   139.9   161.3   309.4   386.6   429.3   459.3   491.9   529.5   585.5   831.4  4522.1 14752.8  59678.8    59785
read      328.9   290.4    74.4   137.4   158.2   297.1   365.7   405.3   435.5   470.2   512.4   577.5   765.4  2962.8 10106.1  88701.8    88660
read      438.9   717.1    80.4   144.6   169.5   378.2   470.0   521.2   561.5   610.6   669.6   774.3  1276.9  7996.9 31960.8  24289.4    24399
read      401.1   360.3    74.4   150.4   174.7   329.4   405.2   455.5   493.9   544.4   638.6   900.2  1710.4  3233.7  9559.8  91302.0    91231
read      339.3   308.4    80.4   148.0   169.8   307.1   372.7   410.7   438.8   472.1   515.0   584.9   810.8  3808.3 10048.5  97228.2    97228
read      338.8   366.3    74.4   140.1   161.7   303.8   374.6   415.8   446.0   480.8   523.8   590.2   821.2  2983.9 12709.0  83134.8    83145
read      407.0   358.4    80.4   142.6   166.0   336.2   434.0   489.8   531.0   587.2   686.3   923.3  1470.5  3023.6 11487.7  51834.0    51797
read      356.3   379.8    80.4   147.8   170.3   312.3   383.0   424.3   455.4   492.0   538.6   623.5  1062.1  4516.7 13544.7  90787.8    90766
read      338.9   319.2    74.4   140.7   162.1   304.1   376.7   418.1   448.8   484.2   527.3   591.5   802.9  3393.6 11924.6  78806.0    78683
read      427.3   803.1    80.4   146.8   173.6   365.1   446.1   493.8   525.8   563.4   616.1   706.9  1426.4  9830.9 41921.6  16200.6    16122
read      367.8   356.5    74.4   146.3   168.8   316.2   394.9   440.2   473.9   511.3   562.3   678.4  1299.0  3715.4 11689.0  75145.2    75063
read      335.6   310.0    80.4   143.6   164.9   304.3   374.5   414.3   443.5   477.0   517.7   581.4   772.4  2895.3 15411.1  82851.4    82676
read      346.1   299.8    80.4   140.4   161.9   311.7   389.4   432.5   464.3   497.7   535.7   592.4   840.3  3890.2 10620.7  59517.0    59594
read      427.2   972.4    80.4   148.2   173.0   339.3   418.5   461.7   490.6   522.8   563.8   638.7  1946.7 10897.3 32485.4  12386.6    12332
read      432.5   718.9    86.8   146.4   173.8   373.0   460.4   507.1   539.7   577.9   630.2   726.8  1282.8  8509.1 31889.8  17900.4    17899
read      412.9   913.2    86.8   149.2   175.2   341.5   421.5   457.4   480.3   507.0   542.8   607.8  1463.1  9914.9 32242.0  11514.8    11478
read      444.6   942.8    80.4   151.1   177.6   357.6   438.0   477.5   505.4   539.1   583.2   668.3  2808.5 12809.6 34375.2  12577.2    12645
read      383.4   409.6    80.4   144.4   167.0   328.6   414.0   462.5   496.6   536.1   590.8   733.3  1362.9  4061.8 14976.6  57485.8    57606
read      342.4   255.5    80.4   141.2   163.1   311.2   389.9   432.4   462.8   495.3   532.5   586.6   791.2  3311.0  8917.4  56553.8    56661
read      436.7   414.3    74.4   152.2   178.0   398.5   491.1   544.8   590.0   643.5   716.1   835.2  1093.0  5927.0 12537.0  24751.8    24737
read      362.3   277.1    74.4   146.1   168.7   325.4   407.5   452.4   483.5   518.5   564.9   651.8  1017.7  2008.0 11304.0  67395.0    67362
read      361.5   278.0    74.4   144.8   168.3   334.2   416.8   458.5   485.6   514.6   550.1   615.0   869.8  3039.5 10442.5  48614.0    48690
read      347.4   254.6    74.4   146.0   168.6   328.8   412.9   446.3   466.2   488.9   514.9   562.2   721.5  2361.2 11476.3  26179.8    26102
read      346.7   256.8    80.4   147.2   169.7   336.0   405.9   433.3   452.5   472.3   503.1   551.7   728.7  3378.0 11128.2  19380.0    19210
read      333.5   228.6    74.4   147.0   169.1   309.0   375.1   413.9   441.9   474.3   516.6   581.6   748.5  1498.0  7303.7  96332.0    96480
read      350.7   221.6    74.4   143.5   166.8   327.8   409.7   452.7   479.9   507.9   540.9   590.8   764.9  1564.8  8083.3  50964.2    50907
read      354.7   306.9    74.4   144.2   167.8   329.0   413.8   452.0   475.6   500.9   533.8   585.8   785.2  3146.7 12304.9  34771.0    34751
read      341.4   309.2    80.4   145.1   167.3   324.1   400.0   428.3   446.8   466.3   494.0   540.2   697.6  3904.2 10806.7  21949.6    21906
read      339.2   219.6    74.4   147.0   169.9   313.5   382.8   422.6   451.4   484.4   526.2   592.5   772.3  1484.1  8672.4  90345.0    90164
read      343.6   279.7    74.4   142.3   165.3   320.4   403.9   441.4   464.3   489.8   519.8   567.1   733.1  1865.3 10180.0  30577.0    30509
read      344.5   249.7    74.4   144.4   167.5   316.8   392.4   433.4   462.5   495.4   534.8   593.6   784.1  2134.3 11958.7  78009.8    78042
read      340.4   193.2    74.4   144.9   168.2   315.4   387.3   427.5   456.3   489.5   531.2   593.6   773.2  1691.4  7586.2  84187.4    83994
read      347.6   237.4    80.4   142.8   166.1   320.5   401.0   444.7   473.5   504.9   540.9   598.1   772.5  1882.7  8448.4  68600.4    68595
read      351.3   239.8    74.4   143.0   166.5   326.5   406.9   449.2   476.8   507.0   543.8   602.6   792.7  1712.1  8756.9  58820.2    58542
read      333.8   282.9    80.4   147.6   168.9   325.0   386.6   410.9   427.1   445.7   468.1   508.8   674.8  3758.2 12171.4  16893.2    16977
read      339.4   214.3    74.4   146.4   169.5   313.9   383.8   424.1   453.2   486.7   528.4   592.8   772.4  1363.8  7943.4  90492.2    90793
read      350.9   202.9    74.4   143.9   167.2   326.1   408.4   452.3   481.3   512.0   547.4   603.8   776.5  1741.7  6324.0  58866.0    58959
read      343.0   212.5    80.4   146.2   169.4   316.4   389.2   429.7   458.7   493.0   535.7   598.8   779.0  1876.7  7818.8  84315.6    84303
read      352.3   245.4    74.4   143.4   166.6   327.9   412.6   452.9   477.6   502.9   534.5   582.8   786.8  2140.9  9180.9  37778.2    37763
read      333.1   226.4    74.4   144.8   166.4   319.2   395.7   426.2   445.3   465.3   492.9   536.8   666.2  1449.6  9126.8  22257.0    22171
read      343.3   247.9    74.4   143.3   166.1   317.1   393.5   434.8   463.4   495.6   534.4   591.9   766.0  1899.0  8035.3  74544.2    74546
read      354.5   345.5    74.4   145.1   168.5   328.6   414.6   454.2   478.4   503.8   535.9   587.3   765.9  2496.3 12269.1  36112.0    36007
read      352.6   257.2    74.4   144.2   168.0   328.0   412.7   453.3   478.7   504.7   536.5   586.5   765.7  2269.0  9500.3  41875.0    41959
read      349.8   228.3    74.4   142.2   165.4   325.3   408.5   450.7   477.1   505.6   539.7   591.0   786.8  1457.0  8308.7  43834.0    43956
read      344.8   243.5    74.4   141.8   164.6   316.8   392.0   434.0   463.4   497.0   538.4   602.6   793.9  2193.7  9243.9  77419.6    77424
read      346.8   272.3    74.4   140.1   162.9   321.7   400.8   443.6   470.4   500.0   535.7   589.2   768.2  1635.7 11836.6  49382.4    49361
read      342.4   221.5    74.4   144.1   167.3   314.8   387.5   429.1   458.6   492.2   534.2   601.0   788.6  2188.5  8003.3  83015.0    83131
read      335.2   298.4    80.4   151.9   173.6   333.8   384.8   406.9   423.5   441.6   466.4   512.4   640.7  3122.6  8872.5  15532.4    15413
read      339.8   272.1    80.4   149.9   173.3   332.9   397.6   422.2   437.5   456.2   477.6   516.7   656.9  3912.2 10989.2  18820.0    18822
read      349.2   227.2    74.4   143.2   167.0   327.4   409.9   449.9   474.5   500.5   533.6   584.5   746.9  1548.4  9419.4  34632.4    34591
read      339.0   244.2    74.4   143.4   166.2   311.1   382.7   423.8   453.3   487.4   530.3   595.1   785.7  1904.8  9445.7  87224.4    87298
read      343.4   248.5    80.4   144.5   168.2   324.6   410.8   445.2   465.0   487.5   513.0   558.1   701.0  1465.5  8201.4  27426.4    27446
read      337.1   224.4    74.4   143.4   166.0   310.2   379.4   419.5   448.4   482.4   526.2   596.1   784.2  1750.5  8504.7  91157.8    91035
read      349.8   253.0    80.4   143.4   166.4   328.0   410.6   450.9   476.9   504.9   537.1   584.6   735.0  1833.8 10578.3  41241.0    41373
read      352.3   243.8    68.9   145.0   168.6   323.8   403.4   446.8   476.2   508.7   548.5   614.3   806.0  2124.8  8764.3  68718.8    68588
read      354.9   343.2    74.4   147.6   170.7   327.9   412.8   451.0   474.8   501.0   534.4   588.9   773.6  2737.5 12900.6  32127.0    32250
read      348.7   236.7    74.4   147.0   170.5   319.8   393.7   435.2   464.8   499.4   543.0   614.8   811.1  2126.9  8482.5  84617.6    84855
read      338.8   197.3    74.4   149.9   173.3   313.0   378.6   417.5   446.2   479.7   522.6   592.0   786.3  1606.0  7441.6  98374.8    98524
read      336.1   294.7    80.4   147.5   168.8   326.4   392.8   418.2   433.7   453.6   476.6   517.6   658.5  3793.7 11743.3  17948.4    18048
read      349.9   234.2    74.4   142.9   166.3   326.1   409.1   451.0   477.0   504.7   537.7   586.5   746.0  1953.3  8627.9  41485.6    41503
read      344.1   220.5    74.4   142.7   165.6   318.4   395.7   438.2   467.2   499.0   537.5   594.3   771.4  1543.5  8038.4  67341.6    67414
read      351.1   257.5    74.4   143.9   167.0   324.1   404.1   448.0   477.0   508.3   544.6   599.5   788.4  1792.9 11924.1  62395.2    62413
read      344.3   255.1    74.4   144.2   167.3   316.3   389.4   430.5   459.8   493.5   536.4   605.0   797.6  1922.4 10676.5  82576.2    82458
read      333.8   195.2    74.4   147.6   170.2   309.5   375.2   413.7   441.9   474.8   516.3   584.1   767.5  1307.2  7373.8  98807.4    98722
read      336.9   271.9    74.4   144.1   166.6   318.2   396.2   427.5   447.1   467.3   494.2   537.0   666.9  3837.7 12206.7  23788.8    23824
read      331.5   247.2    80.4   143.3   165.1   315.3   391.1   421.9   440.8   462.1   489.6   533.2   676.4  2232.7  9984.7  22239.2    22304
read      342.2   303.8    74.4   141.4   164.0   318.2   399.6   438.6   461.9   487.2   516.4   563.4   723.9  2013.5 12539.0  32666.0    32730
read      341.7   249.8    74.4   142.4   164.9   313.9   387.7   429.6   459.7   493.8   535.1   599.5   783.6  2046.4  8013.0  77860.6    77789
read      337.2   243.2    74.4   144.2   167.1   309.6   378.1   418.3   447.5   481.7   526.2   593.4   777.0  2039.6  8794.1  93945.8    93897
read      344.8   271.1    74.4   143.0   166.1   317.9   394.7   436.9   466.0   498.7   538.0   596.8   782.9  1698.7  7633.8  71412.2    71430
read      316.2   289.2    86.8   160.8   185.9   305.2   337.8   355.6   369.0   387.0   410.8   457.7   618.7  5058.5 10981.9   8222.8     8244
read      310.4   377.9    93.8   163.5   188.0   295.1   325.5   341.8   354.7   370.2   393.9   435.9   600.3  5122.0 19270.0   7614.8     7645
read      318.4   543.2    86.8   163.8   188.1   298.8   329.0   344.5   358.3   373.5   397.1   435.9   592.7  8114.6 31176.3   7832.6     7883
read      340.0   370.9    86.8   155.2   180.7   328.4   379.1   402.9   419.2   435.7   460.9   503.8   646.8  5270.8 10908.7  15203.2    15212
read      349.2   252.3    74.4   142.3   165.7   324.0   401.3   443.6   472.6   505.0   543.6   604.3   781.7  1585.7  8789.4  68016.2    68085
read      336.4   243.0    74.4   142.6   165.4   314.7   395.4   429.9   451.0   472.3   501.7   547.1   703.4  2683.8  9181.5  26436.4    26461
read      345.1   217.1    74.4   141.7   164.3   318.9   396.0   438.8   467.9   500.6   540.0   602.8   790.1  1775.3  8509.1  70409.8    70521
read      338.0   256.8    80.4   146.1   167.8   323.0   397.7   426.2   444.5   464.5   492.2   537.4   705.4  2797.1  8413.5  21259.0    21262
read      300.9   358.6    86.8   164.8   189.3   283.8   311.8   327.3   339.3   354.6   375.7   421.8   595.9  4843.5 16088.3   6301.8     6274
read      376.5   312.1    74.4   147.5   174.0   351.4   430.7   469.0   495.1   525.3   566.1   637.9   866.7  3906.6 12621.4  42617.8    42517
read      334.5   269.7    74.4   148.8   172.5   327.5   387.5   412.4   428.0   447.1   470.9   519.8   679.8  2304.9 11940.6  18083.4    18124
read      342.9   218.8    74.4   143.1   166.2   317.1   390.7   431.6   461.3   495.2   536.9   602.6   789.2  1748.6  8041.9  79485.8    79458
read      341.5   230.9    74.4   143.1   166.3   321.9   407.2   441.1   461.6   484.5   509.9   556.2   712.9  1360.4  9159.1  27902.0    27893
read      332.5   215.8    68.9   143.8   166.7   307.3   372.6   411.0   439.4   472.6   515.6   584.7   760.8  1684.2  8010.0  96709.8    96702
read      341.2   242.5    74.4   143.1   165.9   314.7   387.5   428.6   458.5   492.3   532.7   593.4   773.1  2038.3 10853.1  80146.8    79947
read      346.9   226.7    74.4   142.5   165.5   319.9   397.0   439.4   469.1   502.4   541.9   604.8   792.8  2105.6  8339.5  72307.0    72276
read      345.5   215.6    74.4   144.6   167.8   317.7   391.8   433.6   463.4   498.1   541.0   610.3   815.8  1858.0  7161.9  79436.6    79401
read      341.2   228.2    74.4   145.8   168.1   325.6   404.8   433.2   452.0   471.1   499.1   543.8   690.8  3125.0  8430.2  21742.8    21670
read      341.0   255.1    74.4   144.4   167.3   320.2   402.5   437.0   458.2   481.3   507.6   554.5   705.5  2123.7 10750.6  25573.2    25512
read      341.5   206.6    74.4   143.8   167.0   314.8   387.9   429.2   458.9   493.0   535.2   603.0   789.8  1585.7  7935.4  79488.4    79484
read      341.2   212.5    74.4   144.4   167.4   315.5   388.2   428.7   458.0   491.5   532.6   593.1   776.1  1841.7  8131.8  78366.6    78483
read      345.0   231.3    74.4   144.7   167.8   316.7   388.4   429.8   459.8   495.0   539.6   612.3   810.2  2013.0  8216.8  84808.0    84718
read      341.0   199.0    74.4   143.2   165.9   315.5   389.5   431.7   461.5   495.3   535.9   597.4   774.2  1459.5  7743.3  77697.0    77767
read      340.6   305.1    74.4   149.0   171.0   329.8   394.5   419.9   435.6   456.4   481.9   527.3   674.4  3865.0 11525.2  17918.0    17825
read      341.4   203.0    74.4   143.8   166.8   314.4   386.0   427.7   458.0   493.5   538.1   608.9   793.1  1562.3  7941.7  87825.6    87809
read      349.1   211.3    74.4   143.8   167.0   322.3   400.7   444.4   474.7   507.5   547.3   614.7   803.1  1528.7  7814.5  68306.6    68266
read      344.8   254.7    74.4   143.6   167.6   323.4   407.3   446.1   468.6   493.5   522.7   568.5   715.2  1280.1 10036.8  33985.6    34036
read      342.8   245.4    74.4   142.9   166.2   316.9   391.2   432.5   461.7   494.6   534.8   593.4   781.7  1659.3  7971.7  75554.0    75690
read      345.1   220.0    74.4   141.9   165.1   317.6   394.1   436.0   466.0   499.6   540.2   606.3   800.0  1895.7  7685.0  75064.8    75196
read      349.2   247.8    74.4   144.0   167.3   325.1   406.3   446.4   470.5   497.3   529.2   579.8   763.3  2591.0  8762.3  37203.4    37302
read      347.5   262.4    74.4   141.8   164.7   322.2   401.6   443.7   470.5   500.0   535.7   590.1   760.9  1992.1  9246.0  50111.8    50087
read      347.4   244.5    74.4   144.7   168.6   324.2   408.1   446.5   469.7   495.1   525.6   575.6   741.6  2161.9 11694.3  33195.8    33197
read      348.4   260.5    74.4   144.1   167.5   324.6   408.5   448.7   473.1   499.2   530.9   580.2   747.4  1692.6  9391.6  36029.0    35917
read      350.5   241.4    74.4   141.4   164.1   325.0   405.1   448.3   476.9   507.6   543.7   601.4   798.3  1763.4 10017.1  53863.4    54024
read      344.7   236.9    74.4   141.7   164.4   317.6   393.1   434.9   464.2   497.1   536.7   596.1   785.0  2331.8  8622.1  71749.6    71761
read      348.6   259.2    74.4   140.6   163.3   321.4   400.4   444.0   473.8   506.2   545.2   608.5   803.6  1709.6 12463.0  62518.8    62586
read      352.6   240.4    74.4   142.9   166.7   327.4   407.6   451.4   480.1   510.4   546.2   601.3   779.2  1910.0  8624.0  52130.8    52039
read      353.9   227.4    74.4   144.3   167.8   326.9   407.0   451.1   480.2   511.7   549.9   613.9   803.1  2033.6  8114.4  63315.8    63302
read      333.0   321.7    80.4   146.8   169.1   327.0   389.5   414.5   430.5   449.3   470.1   509.3   655.5  2546.1  8669.3  17345.0    17412
read      341.7   215.9    74.4   145.6   168.8   316.7   387.8   428.1   456.9   490.1   531.4   594.2   770.3  1893.7  7513.4  84982.4    85026
read      345.4   260.9    74.4   145.1   168.4   324.7   409.0   443.4   464.1   486.9   512.0   557.9   729.0  2767.9  8229.3  26892.8    26877
read      337.6   216.0    74.4   142.4   165.2   316.4   399.6   436.4   458.5   483.1   512.1   558.2   697.0  1447.9  8344.2  29480.2    29439
read      347.0   225.0    74.4   140.9   164.0   323.6   401.6   444.6   471.9   502.6   540.3   597.1   782.0  1633.7  8442.6  53746.6    53720
read      325.4   276.8    80.4   149.1   171.3   321.0   366.4   387.2   400.5   419.0   442.7   489.7   637.9  4038.3 11519.1  12953.4    13041
read      346.3   218.1    74.4   142.0   165.4   322.8   398.8   440.7   469.4   501.2   539.6   599.3   780.7  1809.1  7973.0  68204.8    68171
read      352.0   266.7    74.4   143.3   166.7   327.1   408.0   451.3   479.3   509.1   543.3   594.2   765.6  1683.3 12099.6  48476.4    48457
read      309.6   259.3    86.8   160.9   184.3   299.5   330.5   347.0   361.3   376.2   400.0   439.7   586.7  4323.7  8687.6   8207.0     8204
read      343.1   225.9    74.4   147.0   170.0   315.7   386.6   427.6   457.6   492.5   536.2   608.0   792.6  1537.8  8363.4  89868.0    89813
read      347.7   294.7    80.4   149.6   172.3   331.8   409.0   439.5   458.9   480.5   507.0   556.6   732.0  2252.2  9080.2  22702.2    22652
read      340.7   204.7    74.4   145.2   168.2   314.5   384.1   424.8   454.8   490.3   534.2   602.3   784.8  1716.9  7805.2  87695.4    87632
read      351.7   292.6    80.4   143.5   167.2   326.9   412.0   454.4   480.4   506.7   538.2   586.3   729.8  2020.1 11669.3  37888.6    37904
read      329.2   261.7    80.4   145.7   166.5   322.2   381.4   404.3   421.1   438.6   464.5   509.9   652.1  3573.8 12359.9  16648.4    16587
read      339.6   237.5    74.4   141.7   164.2   312.0   383.3   424.5   454.4   489.4   533.8   602.6   794.1  2159.8  8718.4  86197.0    86182
read      340.3   232.8    74.4   142.5   165.1   315.7   389.4   431.1   460.4   492.8   531.7   590.4   759.8  1507.7  7975.8  73792.4    73749
read      349.0   263.4    74.4   142.1   165.3   325.3   408.6   449.6   473.8   500.2   532.0   581.4   741.7  2236.0 11122.7  37664.8    37662
read      335.5   241.3    80.4   145.3   167.6   322.6   396.8   425.2   443.8   464.8   492.2   535.1   663.9  1971.9 10416.3  20805.6    20658
read      320.6   301.3    74.4   154.8   178.1   310.4   348.3   368.9   384.1   401.3   427.2   470.1   618.9  4376.3 12146.6  10432.4    10466
read      342.3   267.1    80.4   149.9   175.1   330.3   392.2   419.5   436.8   459.3   488.6   540.5   707.3  2968.3 12636.8  18666.2    18655

Total QPS = 51411.2 (92540144 / 1800.0s)

Total connections = 64
Misses = 0 (0.0%)
Skipped TXs = 0 (0.0%)

RX 22857415321 bytes :   12.1 MB/s
TX          0 bytes :    0.0 MB/s
Warning! Detected max cpu usage > 95%
CPU Usage Stats (avg/min/max): 99.96%,47.96%,100.00%
