#type       avg     std     min      p5     p10     p50     p67     p75     p80     p85     p90     p95     p99    p999   p9999     QPS   target
read      345.8   272.7   173.5   228.8   242.8   317.3   354.4   376.3   394.2   415.5   444.1   495.2   683.3  3711.6 11526.1  29932.4    30000
read      340.7   273.7   160.7   224.7   238.4   311.0   348.2   372.0   390.9   413.3   443.6   496.0   678.3  3688.7 10697.3  30020.5    30010
read      344.6   324.2   173.5   225.7   239.4   311.2   348.4   372.5   392.3   415.7   446.8   499.1   695.2  4379.2 15471.6  29933.2    30020
read      345.3   289.3   160.7   227.4   241.6   315.0   352.1   374.9   394.1   416.9   447.5   500.2   689.9  3810.8 12911.3  30038.0    30030
read      342.1   405.2   173.5   225.0   238.5   310.0   346.6   370.4   389.0   411.0   441.0   494.1   688.4  3949.6 13885.5  30061.5    30040
read      348.1   350.5   173.5   227.1   241.1   313.6   350.8   374.1   393.7   417.2   449.1   502.0   699.5  4769.1 16121.4  30031.5    30050
read      339.6   267.8   160.7   224.6   238.2   310.0   346.4   370.3   389.0   411.4   442.2   494.3   677.4  3624.9 10982.2  30110.0    30060
read      342.3   316.6   173.5   224.3   238.0   309.8   346.2   370.3   389.3   412.1   442.5   494.4   700.9  4139.2 15441.0  30041.1    30070
read      343.0   328.1   173.5   225.9   239.5   310.3   346.7   371.0   390.5   413.9   445.5   497.5   684.8  4197.5 15862.2  30110.1    30080
read      339.6   310.2   160.7   224.0   237.5   308.2   344.7   368.6   387.3   409.7   439.9   490.8   673.0  4038.2 15548.9  30071.7    30090
read      355.2   483.1   160.7   231.1   245.7   323.1   362.5   386.8   404.3   428.7   460.1   510.9   717.6  4087.8 15046.6  30032.9    30100
read      341.4   311.8   160.7   224.0   237.6   309.1   345.5   369.5   388.4   411.1   442.3   494.8   694.3  4177.8 13929.6  30075.5    30110
read      338.6   317.3   160.7   223.0   236.3   306.1   341.9   365.4   383.7   406.0   437.4   491.1   680.7  4460.8 15441.8  30185.4    30120
read      342.9   313.5   160.7   224.7   238.3   309.0   345.8   370.4   390.0   414.1   447.4   501.7   710.5  4115.2 15442.3  30052.1    30130
read      341.7   315.7   173.5   224.5   238.1   308.9   345.1   369.4   388.8   412.6   445.6   499.6   688.8  4207.4 15475.7  30070.5    30140
read      341.5   298.9   160.7   224.9   238.6   310.2   346.0   369.6   388.2   410.7   442.9   497.8   689.7  4023.6 15133.0  30154.0    30150
read      339.8   323.0   160.7   221.8   234.9   306.4   343.7   367.7   386.5   409.2   442.0   498.4   690.1  4232.8 15394.7  30174.7    30160