Random waveform, random seed
Total number of intervals = 600 (17418, 97213, 28177, 37578, 38293, 94367, 71224, 61763, 89247, 98084, 28984, 11011, 51382, 43963, 91287, 96850, 9034, 75742, 86595, 88377, 9263, 28787, 17041, 28494, 31269, 23354, 16836, 96555, 88891, 7577, 5710, 76951, 77969, 89861, 67660, 11568, 12028, 44602, 99956, 57916, 38206, 55777, 83301, 8035, 6841, 75158, 55550, 83886, 66827, 80416, 82141, 89959, 95528, 16659, 74204, 76818, 31002, 7861, 29947, 34034, 49237, 89312, 44317, 63920, 52884, 23573, 77456, 10113, 61871, 99175, 40794, 36823, 76942, 26255, 23924, 84741, 93531, 78995, 33065, 92461, 59792, 22694, 29585, 31291, 23652, 79337, 80696, 25421, 75274, 14365, 76180, 35277, 28727, 55634, 71243, 91680, 40591, 42244, 81866, 32600, 75909, 42293, 48075, 38819, 89744, 96874, 29732, 43456, 27340, 23355, 32754, 92847, 88771, 81873, 51409, 27384, 90429, 7764, 8515, 97597, 13213, 12841, 34035, 69292, 86344, 38841, 80072, 84302, 22255, 71227, 11824, 29755, 48964, 59941, 57515, 41627, 75043, 25889, 47055, 85202, 45095, 20747, 86350, 45464, 53131, 73951, 94334, 86311, 65078, 39749, 40258, 51585, 34686, 84138, 13209, 42464, 80367, 8224, 40547, 55800, 9946, 10746, 59198, 16993, 73537, 78380, 64179, 33741, 54722, 37642, 62968, 8903, 54217, 95803, 79442, 40300, 87783, 94569, 46263, 74598, 53653, 15178, 59747, 32961, 59968, 28633, 95468, 57622, 41988, 53071, 21444, 26541, 93439, 66211, 74042, 23065, 97740, 45777, 88867, 80011, 17841, 77854, 59289, 18117, 66375, 86303, 17423, 74971, 43037, 16793, 42403, 5926, 83291, 36976, 91368, 28443, 39635, 23343, 10222, 85556, 14539, 68552, 97504, 76462, 23589, 57231, 20143, 5983, 6672, 91700, 86840, 27700, 85548, 57817, 75185, 34279, 82700, 85136, 72076, 31672, 51495, 34098, 75979, 80477, 59460, 51029, 7518, 53715, 25201, 86334, 68466, 70997, 52493, 97365, 24540, 92258, 61596, 34141, 34040, 51650, 84510, 11418, 52675, 17797, 5867, 52619, 26866, 36770, 54384, 46370, 76122, 5564, 83576, 70472, 64755, 29037, 41816, 7902, 54755, 21304, 48725, 42008, 17905, 17935, 49079, 94759, 7230, 58148, 41963, 12041, 75650, 59962, 32180, 43923, 84086, 9479, 56063, 55950, 61795, 55744, 19107, 71166, 31992, 24395, 23882, 43900, 85570, 45119, 41022, 68789, 86968, 85781, 83708, 7548, 85041, 92424, 10520, 59463, 9967, 83850, 20931, 39430, 10097, 73316, 70315, 78855, 58950, 34061, 26583, 25395, 22164, 47101, 7444, 55024, 63245, 99038, 21467, 31580, 31003, 25606, 44132, 83533, 19348, 40871, 88113, 37297, 62999, 62404, 24820, 36437, 49684, 98034, 46819, 23705, 9975, 24359, 92062, 10116, 16577, 12756, 16988, 85581, 47151, 96117, 44337, 6791, 97379, 62678, 72481, 7049, 61614, 56233, 51538, 91726, 58160, 47979, 46185, 6860, 22291, 97632, 40309, 60196, 60423, 88920, 14690, 35261, 45626, 23089, 25761, 81256, 33855, 69609, 94672, 79426, 59732, 56920, 10299, 51263, 30355, 59641, 50211, 31826, 81725, 33173, 10625, 25463, 23691, 76256, 82131, 24907, 74732, 29155, 35884, 69804, 48927, 11165, 81672, 92727, 68536, 12576, 32299, 55056, 43742, 88941, 91448, 45277, 49078, 79868, 73041, 9906, 5273, 37743, 66565, 44521, 67932, 18355, 75096, 66852, 22652, 80368, 26106, 86510, 85062, 60837, 15692, 56199, 57182, 44697, 85844, 98775, 55113, 51278, 10715, 11595, 80377, 81735, 14354, 92873, 54208, 45583, 50647, 35217, 63982, 53434, 44982, 25270, 9744, 36316, 8163, 60677, 78141, 28958, 52548, 70995, 99631, 96588, 62179, 42899, 65734, 40265, 72872, 25630, 78362, 37586, 79918, 68360, 95543, 85988, 55398, 83385, 93915, 85689, 61933, 90809, 36588, 35615, 12566, 56567, 71656, 93985, 14495, 83909, 68620, 85055, 44117, 15731, 55124, 35571, 31600, 83346, 6518, 65448, 74342, 21238, 68059, 78146, 16764, 29564, 73992, 27536, 85713, 75618, 90405, 84746, 66734, 30301, 99437, 74524, 47418, 22884, 85716, 29005, 78422, 90558, 97756, 38862, 53904, 55975, 99896, 84445, 49400, 73250, 95118, 63731, 8136, 81005, 99286, 95437, 6891, 69320, 77269, 96020, 21816, 98583, 64985, 88581, 14317, 33777, 7635, 20501, 38075, 40025, 34643, 25257, 77616, 33221, 58792, 35289, 51684, 85690, 70064, 43046, 65071, 16409, 45106, 12643, 22246, 5112, 89121, 65052, 66598, 22109, 85636, 23389, 22484, 16695, 97121, 6142, 9706, 64185, 38869, 73147, 72674, 7226, 81473, 76412, 48155, 52025, 25762, 96551)
Average QPS expected = 52369
Timestamp start: 1653397711042
Timestamp end: 1653399511788

#type       avg     std     min      p5     p10     p50     p67     p75     p80     p85     p90     p95     p99    p999   p9999      QPS   target
read      405.9   640.6    86.8   150.8   174.3   351.8   448.2   502.5   540.5   585.3   641.7   726.1   928.4  6565.5 32443.2  17451.7    17418
read      528.8  1148.3    80.4   169.4   200.3   365.8   436.7   481.2   517.9   572.0   677.2  1059.2  4362.6 16421.5 32343.9  97033.7    97213
read      414.0   545.6    80.4   145.7   168.1   345.3   446.1   501.2   544.2   602.8   684.6   806.9  1218.2  6596.9 25690.7  28005.7    28177
read      442.7   413.1    80.4   148.8   170.5   351.5   469.6   544.3   611.6   691.7   802.2  1014.9  1428.6  4538.1 13835.6  37398.7    37578
read      431.0   436.4    86.8   148.1   170.0   346.3   467.3   545.1   610.3   687.7   782.7   950.6  1336.3  2696.2 20238.0  38364.7    38293
read      430.3   524.1    80.4   150.5   175.8   331.2   403.5   454.8   496.3   553.1   670.1  1146.3  1883.8  6048.3 15640.4  94150.0    94367
read      329.4   252.2    74.4   140.5   161.2   298.8   368.7   410.6   442.5   478.7   519.6   576.4   762.8  2090.8  7869.2  71245.7    71224
read      339.8   274.0    80.4   138.9   159.7   305.3   378.3   421.5   453.6   489.6   531.8   592.7   846.4  3374.9  7756.7  61792.3    61763
read      341.7   324.9    80.4   142.0   163.2   302.1   370.0   410.2   440.3   476.2   524.4   600.0   910.6  4560.7 11977.8  89284.7    89247
read      329.7   250.2    80.4   144.9   166.0   300.7   365.4   403.1   432.4   467.0   510.5   580.8   767.9  2127.5 11314.9  98181.0    98084
read      423.4   468.2    80.4   145.2   167.5   349.0   457.4   523.9   578.8   650.8   740.2   873.2  1259.9  6131.3 19213.5  28964.0    28984
read      360.4   422.6    80.4   151.0   172.4   328.0   411.1   449.9   474.2   503.7   540.7   594.7   741.3  4862.7 12878.7  11034.3    11011
read      451.5   379.0    80.4   151.4   176.9   358.4   475.8   549.1   617.6   704.0   813.5  1040.2  1578.6  4274.5  9794.7  51436.7    51382
read      466.0   550.2    80.4   147.1   171.5   355.2   480.4   559.9   635.2   735.5   866.2  1123.8  1599.0  6137.6 15488.4  44145.3    43963
read      389.1   387.3    80.4   147.5   170.8   315.2   385.5   429.5   464.0   505.7   572.1   854.7  1755.1  4007.9 13000.2  91156.3    91287
read      341.4   352.9    80.4   147.4   168.7   304.2   370.2   409.1   438.8   474.6   523.0   600.8   888.4  3377.1 13238.6  96882.7    96850
read      334.6   429.1    93.8   152.1   173.4   309.6   366.2   394.8   414.7   437.4   468.2   518.8   667.9  4053.4 30349.1   9028.3     9034
read      555.9  1051.5    86.8   158.5   186.0   359.5   453.7   518.6   585.8   739.1  1004.3  1480.0  3284.4 10187.4 32232.8  75510.7    75742
read      333.6   324.5    74.4   140.8   162.0   296.7   365.1   404.3   435.0   472.2   519.8   591.3   852.3  2729.8 14458.3  86830.7    86595
read      329.0   294.9    80.4   140.3   161.0   296.8   364.8   403.5   433.0   467.8   511.0   581.6   784.5  2659.4 10588.1  88538.0    88377
read      358.5   573.9    86.8   152.0   174.9   313.2   378.1   414.2   440.2   467.8   502.1   558.5   789.2  8329.8 16543.4   9300.3     9263
read      432.3   370.0    80.4   149.0   171.9   359.5   481.0   556.2   617.3   692.3   784.4   918.6  1189.3  2816.8 12820.6  28656.3    28787
read      402.8   380.1    86.8   152.8   176.6   357.3   454.2   513.7   555.6   600.9   658.1   743.6   923.9  4481.8 13876.8  17133.0    17041
read      439.0   612.2    80.4   152.1   175.8   363.0   476.6   547.7   600.2   662.6   743.9   873.9  1179.1  8255.1 28694.8  28488.7    28494
read      425.0   345.3    86.8   147.3   169.7   349.1   467.0   544.2   601.2   682.2   780.2   923.8  1212.6  2508.1 12649.3  31143.0    31269
read      417.0   384.0    86.8   147.5   169.6   354.9   465.1   534.0   585.5   645.4   724.9   828.1  1084.4  4615.7 13435.1  23298.7    23354
read      399.4   339.8    80.4   149.4   171.9   353.3   458.2   517.0   556.7   604.3   668.3   755.0   921.2  3808.4 13678.5  16824.3    16836
read      604.3  1116.0    80.4   187.3   225.5   401.4   493.1   564.3   636.0   750.2   992.2  1539.0  4326.7 11386.1 32316.5  96498.3    96555
read      343.7   343.9    80.4   145.2   166.6   305.1   373.2   413.3   442.7   477.7   523.8   597.8   860.3  4784.8 11032.9  88634.7    88891
read      324.2   254.5    86.8   154.3   176.6   302.6   353.7   389.9   413.0   436.4   468.4   516.2   629.8  4408.8  8699.0   7601.7     7577
read      331.9   436.9    93.8   168.2   191.7   306.1   351.2   377.0   395.4   416.4   441.8   487.0   638.5  6148.2 19972.6   5743.7     5710
read      505.1  1012.5    80.4   151.8   178.2   350.1   434.2   490.1   536.4   611.2   752.8  1121.3  3964.7 10049.5 35962.9  76534.3    76951
read      338.6   308.2    80.4   144.3   165.6   304.4   369.6   410.0   439.1   472.3   514.9   582.3   859.5  4180.0  9345.5  78231.0    77969
read      344.2   325.6    74.4   148.1   169.9   309.6   375.9   416.6   446.5   482.4   529.8   608.8   831.9  3218.6 11651.7  89939.0    89861
read      342.7   322.5    80.4   141.7   163.1   307.8   378.1   421.0   451.7   488.0   534.3   608.2   866.4  3077.5  9569.1  67676.7    67660
read      365.1   503.4    86.8   148.8   170.4   326.5   398.0   443.3   471.3   507.6   554.5   622.8   817.2  6149.9 31323.6  11650.3    11568
read      364.9   281.2    86.8   152.9   175.7   335.5   414.5   458.0   485.5   515.3   554.0   621.1   755.5  4472.2  9076.1  11978.7    12028
read      455.5   438.1    80.4   143.5   166.8   338.4   463.2   550.4   637.1   748.6   890.6  1119.7  1563.5  4665.6 11435.1  44554.0    44602
read      408.2   466.4    80.4   153.9   178.6   332.7   403.5   448.1   484.0   535.3   628.8   890.1  1780.7  4161.5 11641.5 100251.3    99956
read      329.9   262.5    80.4   138.5   159.1   302.3   367.9   410.0   442.0   475.3   512.0   564.8   763.2  2912.6  8340.4  57939.7    57916
read      431.4   589.1    80.4   141.3   163.0   330.9   442.5   503.5   562.6   653.4   773.8   962.7  1428.9  8351.4 30585.1  38211.3    38206
read      448.6   482.5    80.4   143.9   167.8   337.1   450.7   527.0   601.5   704.0   851.9  1110.2  1643.1  5509.9 12211.2  55788.3    55777
read      355.6   387.1    80.4   144.8   166.5   309.5   376.5   418.8   450.3   488.7   539.9   639.9  1172.8  4394.1 12553.5  83077.0    83301
read      332.9   443.0    93.8   152.9   174.6   303.2   348.7   374.0   396.5   421.8   452.5   501.4   655.1  6733.3 19880.9   8016.7     8035
read      362.3   840.4    93.8   160.8   182.7   306.5   355.9   383.3   403.8   428.1   458.8   508.0   837.3 12161.8 31969.3   6909.7     6841
read      489.3   878.9    80.4   150.1   175.4   338.9   417.2   467.4   506.3   566.4   707.6  1434.9  2714.9  9810.6 31457.7  74650.0    75158
read      341.7   268.3    80.4   140.2   161.4   312.4   378.8   421.1   451.8   485.5   528.0   596.3   859.1  3522.3  8250.1  55530.3    55550
read      349.7   426.0    80.4   144.2   165.6   311.5   380.6   421.5   451.8   487.5   535.4   618.1   876.2  4818.6 12710.2  84049.7    83886
read      359.2   389.2    80.4   142.2   163.4   316.6   389.6   434.0   465.2   503.4   553.6   637.7  1013.8  4263.2 13726.7  66921.0    66827
read      327.2   242.4    68.9   141.3   162.1   301.9   366.6   402.3   431.9   465.7   506.4   572.2   777.5  1947.7  6266.9  80285.7    80416
read      345.5   339.3    74.4   144.9   166.6   311.5   378.5   419.1   449.8   486.1   533.1   609.6   842.3  4612.4 12763.3  82125.3    82141
read      335.2   322.6    80.4   143.3   164.8   303.0   367.2   402.4   431.4   465.6   509.4   583.8   840.7  2757.1 13454.1  89720.7    89959
read      346.6   318.8    86.8   147.0   168.8   311.6   376.9   415.5   445.0   481.5   530.0   615.6   898.3  3559.0 11851.2  95363.0    95528
read      375.5   370.8    80.4   149.0   171.3   339.6   413.4   467.9   509.8   556.0   611.7   691.2   869.0  3667.3 16267.6  16681.3    16659
read      534.1  1132.5    80.4   154.2   181.1   354.2   434.0   487.0   530.4   596.5   758.8  1417.4  4797.3 11824.5 32190.2  74393.0    74204
read      338.5   339.1    80.4   143.1   164.0   306.0   371.6   406.2   435.8   471.9   515.0   584.9   841.2  3635.5 12369.1  76669.0    76818
read      424.3   557.0    74.4   142.5   164.2   344.1   444.7   514.9   578.0   652.3   757.2   900.1  1247.9  7952.9 28132.4  31108.7    31002
read      328.8   340.3    86.8   154.7   175.9   307.6   360.1   387.0   406.0   429.2   456.7   499.1   622.3  5155.3 15457.4   7829.7     7861
read      444.3   355.2    86.8   149.7   172.6   357.4   475.8   561.4   633.9   726.3   837.8  1008.2  1335.2  3672.0 11152.5  29701.7    29947
read      440.3   392.1    80.4   149.6   173.0   360.1   469.6   548.2   614.3   699.9   810.9   974.0  1335.5  4047.7 12745.5  34153.3    34034
read      455.8   414.8    80.4   146.4   169.6   346.2   465.8   542.6   616.1   719.8   871.7  1151.8  1693.8  3858.5 12194.8  49226.7    49237
read      385.0   451.2    74.4   147.9   170.4   312.8   382.3   423.6   457.1   499.0   559.0   745.8  1840.2  4871.2 12556.3  89191.3    89312
read      425.2   422.8    80.4   145.3   168.3   341.7   441.5   504.4   555.4   639.0   773.0   972.0  1449.3  5034.4 15716.1  44329.7    44317
read      353.0   305.9    80.4   142.0   163.5   309.0   380.7   420.0   451.5   491.0   540.7   647.7  1249.0  3227.9 11199.6  63814.3    63920
read      348.1   420.6    80.4   142.5   163.4   311.3   380.5   416.7   445.5   481.4   521.9   583.6   816.5  5668.0 13863.9  53021.7    52884
read      415.0   450.7    80.4   147.2   170.0   350.1   445.3   518.9   571.7   632.6   711.3   820.8  1114.4  5916.3 20427.8  23781.3    23573
read      489.9  1051.4    80.4   149.2   174.8   339.9   419.3   470.6   515.7   582.1   736.9  1128.2  2618.2 14916.4 32469.4  77351.7    77456
read      346.9   336.8    86.8   151.2   172.2   320.6   383.0   414.6   438.4   467.4   501.5   558.7   746.7  5093.9 12424.2  10185.0    10113
read      506.5  1031.9    80.4   146.9   172.0   341.0   425.4   481.3   529.8   605.2   776.2  1162.6  4223.9 10456.4 32458.4  61859.3    61871
read      340.9   367.3    80.4   146.3   167.8   306.4   372.4   407.9   434.5   469.0   515.7   593.9   858.7  3645.5 11843.7  98838.3    99175
read      437.9   608.3    80.4   146.5   170.0   342.2   434.8   497.0   548.0   633.3   768.4   953.2  1547.0  7936.4 28858.6  40843.0    40794
read      440.2   564.2    80.4   146.8   169.4   351.9   463.7   544.3   609.7   688.6   804.2   974.8  1360.8  4739.2 15036.8  36835.0    36823
read      462.7   724.9    80.4   148.1   172.5   336.3   415.4   465.6   507.5   571.3   735.6  1251.8  2159.3  9570.4 30240.6  76872.0    76942
read      428.0   671.8    80.4   148.2   171.6   357.0   451.8   516.7   568.3   636.6   714.3   839.1  1127.2  9011.5 29492.6  26123.7    26255
read      408.5   360.3    80.4   146.4   168.6   347.5   449.9   524.6   578.6   640.2   716.1   834.4  1071.0  3981.1 14886.6  23866.3    23924
read      507.4   989.6    80.4   156.9   185.4   356.3   432.5   481.3   522.4   582.3   696.9  1305.1  3079.2 10366.8 31994.1  84809.7    84741
read      335.0   373.9    80.4   145.1   166.7   302.4   368.0   403.5   430.0   461.7   503.1   571.9   796.7  3398.4 10884.4  93573.0    93531
read      340.6   313.7    74.4   144.2   165.1   308.3   379.5   417.5   443.3   473.9   517.5   587.9   825.8  3436.5 10001.0  78849.0    78995
read      432.4   493.9    86.8   144.2   165.8   344.5   451.8   523.1   589.2   666.9   771.0   945.1  1408.2  5580.0 23947.1  33119.7    33065
read      500.8   894.1    80.4   162.0   191.6   367.4   445.1   498.7   545.5   617.3   733.5  1079.8  2610.8 10025.9 31803.1  92245.3    92461
read      350.1   342.1    80.4   143.6   164.9   320.0   393.1   430.2   457.4   490.8   532.9   597.3   845.8  3228.1 12606.1  59808.3    59792
read      385.7   275.0    80.4   144.2   165.6   339.5   430.1   488.6   537.5   592.2   662.5   766.6   951.6  2628.8 10313.9  22590.7    22694
read      427.5   391.9    80.4   148.8   170.7   354.2   464.1   538.9   593.5   662.8   754.3   894.6  1229.2  4356.7 13032.6  29623.3    29585
read      415.9   299.0    80.4   149.5   172.2   355.6   461.1   531.6   586.9   655.3   745.2   872.6  1148.5  1710.4  8765.0  31423.7    31291
read      403.3   453.0    80.4   148.7   170.6   346.6   437.4   507.6   557.2   616.0   692.7   797.3   999.5  3419.9 25766.4  23607.3    23652
read      573.0  1112.0    80.4   155.8   185.2   350.4   437.1   500.2   563.1   712.2  1304.5  1651.8  2978.6 11965.0 32278.1  79212.3    79337
read      328.7   302.8    80.4   138.7   159.0   300.3   367.0   404.7   431.1   462.2   502.2   568.3   794.6  2798.2 11009.7  80774.7    80696
read      432.3   637.9    80.4   145.8   168.5   353.6   452.6   522.1   579.6   646.4   738.0   869.7  1228.4  6973.4 31279.7  25165.7    25421
read      553.9  1088.8    80.4   155.0   183.0   363.5   449.3   507.2   571.0   706.8  1031.7  1551.8  2671.1 11011.5 36040.1  75066.0    75274
read      365.4   482.7    86.8   148.8   170.0   333.5   404.7   442.9   473.8   512.3   561.8   637.4   803.6  5107.5 12703.1  14447.0    14365
read      567.7  1261.8    80.4   154.3   183.7   357.0   435.2   488.3   537.1   618.0   797.1  1465.9  6182.7 12347.9 33463.1  76391.7    76180
read      430.3   483.3    80.4   146.0   169.1   351.3   453.7   520.2   579.8   661.1   767.7   948.1  1358.9  5296.2 15637.8  35247.3    35277
read      421.4   382.9    80.4   146.6   168.9   352.4   456.7   528.7   588.6   656.4   741.4   883.4  1205.7  4687.6 15881.6  28816.3    28727
read      483.3   671.3    80.4   147.3   172.4   348.2   459.9   538.1   614.5   721.4   885.8  1181.9  1970.8  9397.5 28374.1  55608.3    55634
read      359.3   301.4    80.4   141.3   162.6   314.0   390.8   434.5   466.1   503.8   555.6   672.0  1198.8  3702.7  9152.2  71520.0    71243
read      339.8   397.6    80.4   147.3   168.7   306.9   373.2   409.2   434.7   464.4   503.3   568.6   800.3  4960.4 13622.8  92105.0    91680
read      446.1   562.4    80.4   146.8   170.8   352.7   457.9   520.1   577.0   657.0   782.5   987.4  1516.9  8485.7 16085.0  40512.3    40591
read      462.4   581.7    80.4   148.4   171.9   362.4   471.1   552.6   621.0   711.5   832.7  1033.4  1562.2  7566.0 21752.2  42337.3    42244
read      361.4   480.2    80.4   141.5   162.7   305.2   377.1   419.9   450.9   487.3   538.4   665.0  1387.7  4704.1 28201.2  81912.7    81866
read      403.2   379.5    80.4   143.3   164.5   333.7   433.4   490.2   540.9   611.8   708.9   863.3  1275.2  4094.8 12124.0  32644.7    32600
read      503.5   887.8    80.4   150.9   176.9   348.7   431.6   483.7   531.2   617.1   900.4  1472.2  2506.9 10524.5 32267.2  75780.3    75909
read      470.6   694.9    80.4   145.7   169.4   348.2   456.7   526.1   596.8   708.0   851.8  1071.1  1973.5  8133.2 28626.9  42228.0    42293
read      464.7   482.2    86.8   147.5   171.6   354.1   468.0   547.2   627.7   743.5   901.0  1139.8  1622.7  5790.1 12906.0  48170.7    48075
read      440.1   518.2    80.4   146.7   170.3   354.0   464.6   537.7   600.1   678.4   790.5   963.9  1360.8  6937.7 21792.3  38759.7    38819
read      554.5  1048.2    80.4   166.0   198.1   376.1   458.3   516.8   577.2   696.4   965.6  1467.4  2768.4 11253.7 33818.9  90048.3    89744
read      335.7   340.7    80.4   147.2   168.6   306.4   371.3   407.8   434.1   465.1   505.1   573.8   781.2  2640.8 16961.9  96857.3    96874
read      394.2   364.2    80.4   146.4   168.4   342.5   438.0   487.2   529.8   587.9   665.5   806.3  1084.8  3550.1 17067.1  29796.0    29732
read      477.6   552.3    80.4   149.2   174.5   369.3   487.7   573.3   653.0   757.1   893.5  1104.4  1622.7  6721.7 17403.8  43443.3    43456
read      435.6   649.5    80.4   148.6   172.3   360.1   462.3   529.6   585.2   649.0   738.0   879.2  1164.5  8046.3 29949.1  27410.7    27340
read      407.1   370.3    80.4   147.2   168.6   354.1   453.0   515.6   569.3   630.9   708.4   824.9  1016.4  3791.2 17533.2  23432.3    23355
read      417.9   350.3    74.4   149.4   172.2   355.5   456.8   519.4   577.0   650.2   749.4   906.3  1172.6  1738.0 10547.3  32825.0    32754
read      492.0   832.6    80.4   155.7   184.7   357.1   437.2   489.4   536.4   618.8   817.7  1283.6  2231.5  9702.1 31982.9  92617.0    92847
read      338.2   300.2    74.4   142.6   163.6   305.1   374.9   413.9   441.2   473.4   518.0   590.7   834.8  3755.7  9396.2  88974.0    88771
read      337.4   272.5    80.4   144.3   165.8   309.0   379.3   419.1   447.6   479.7   520.8   587.5   779.3  2414.3 10951.7  81974.0    81873
read      352.0   438.0    80.4   141.8   162.9   317.4   391.4   433.7   461.7   493.4   532.3   596.0   883.4  4511.8 20814.1  51490.0    51409
read      442.4   580.1    86.8   150.1   173.2   362.1   466.0   541.9   603.4   673.2   762.0   900.6  1259.8  8382.6 30320.7  27438.3    27384
read      491.0   742.2    80.4   158.4   187.2   360.1   442.4   496.3   544.5   628.5   802.1  1359.6  2239.7  8812.7 29866.7  90749.0    90429
read      360.4   695.0    86.8   157.5   180.6   309.2   363.6   390.5   408.3   430.7   459.6   509.2   865.6  8496.8 30636.4   7836.0     7764
read      347.7   532.9    93.8   157.5   180.5   322.5   381.7   411.4   431.6   455.3   485.8   537.9   666.0  5014.0 33466.5   8504.7     8515
read      479.1   924.9    80.4   160.3   188.2   352.0   426.5   471.1   508.0   560.2   656.1  1021.5  2366.6 10624.6 32353.0  97071.7    97597
read      385.6   443.2    86.8   147.6   169.9   339.1   414.8   453.7   480.7   520.4   576.1   658.6  1340.4  5549.0 11967.4  13275.3    13213
read      372.7   449.9    86.8   150.6   172.5   336.5   414.1   454.7   481.8   512.5   554.9   619.9   791.2  6275.7 18590.4  12754.0    12841
read      432.0   398.3    86.8   149.2   171.5   351.6   462.1   535.1   593.4   673.1   792.2   966.5  1281.1  3973.8 16432.5  33756.7    34035
read      494.7  1009.7    80.4   148.7   173.2   333.4   412.4   459.8   496.0   544.6   672.4  1338.5  3986.5 10155.0 32937.4  69098.3    69292
read      333.7   316.8    80.4   142.3   163.8   305.0   373.6   412.4   440.0   470.6   508.7   574.9   781.2  3305.5  9185.5  86253.3    86344
read      432.2   614.1    80.4   145.2   168.3   344.1   447.3   500.2   547.5   622.1   737.7   942.5  1382.8  7823.8 30616.5  39034.7    38841
read      531.4   952.6    80.4   154.2   182.3   354.3   440.9   499.6   554.4   686.7   964.9  1471.8  2781.7 10465.7 32033.9  79847.3    80072
read      331.6   286.6    80.4   142.2   163.1   303.4   372.6   411.4   439.2   471.0   509.0   571.3   774.4  2594.5  8431.5  84353.3    84302
read      386.6   549.6    80.4   143.6   164.9   335.7   426.3   470.5   506.8   559.0   635.4   748.7   962.0  6046.5 31711.3  22331.7    22255
read      501.1   817.7    74.4   149.4   175.1   344.3   431.1   487.3   534.3   614.2   887.8  1458.9  2648.0  9662.7 31167.9  71088.7    71227
read      372.9   521.4    86.8   150.6   173.2   337.6   403.8   441.3   469.4   500.9   548.3   622.8   816.2  8299.7 28216.3  11845.0    11824
read      426.2   310.8    86.8   155.7   179.7   367.0   474.7   545.0   596.1   660.4   745.7   884.2  1140.0  2333.1  9367.8  29645.7    29755
read      464.3   567.5    80.4   144.7   169.3   346.0   463.7   538.5   615.5   718.7   871.0  1114.5  1715.3  6674.0 23508.0  49331.3    48964
read      405.9   312.9    80.4   149.3   173.5   340.7   430.5   483.4   526.2   584.4   680.4   889.8  1463.1  2657.2  9223.8  59954.3    59941
read      355.9   430.3    80.4   145.8   167.5   321.3   395.0   435.2   463.3   493.3   530.4   593.8   828.1  4929.7 16711.6  57739.3    57515
read      458.3   661.2    80.4   150.9   174.6   355.1   459.3   517.6   574.0   653.4   772.6   978.2  1719.4  8872.0 30941.9  41597.0    41627
read      360.5   475.9    80.4   146.1   168.0   313.5   388.0   430.7   462.1   496.9   543.9   656.3  1208.9  3445.4 10167.0  74970.7    75043
read      415.5   374.4    86.8   151.9   174.5   354.8   449.5   502.0   551.5   616.0   703.0   850.8  1156.8  5699.9 11788.0  25792.7    25889
read      487.7   724.2    80.4   150.7   175.4   360.6   474.3   547.8   619.7   721.4   869.7  1098.9  2013.6  8330.3 31057.6  47105.0    47055
read      376.3   358.6    80.4   149.9   172.3   322.1   397.7   442.0   474.4   516.4   581.0   736.1  1392.5  3107.9 12262.3  85045.0    85202
read      430.7   360.4    80.4   146.4   170.9   354.3   467.6   527.1   581.4   662.3   774.7   964.2  1364.0  3996.0 10106.9  45257.0    45095
read      403.8   454.7    86.8   150.3   173.2   354.3   450.1   506.2   553.3   602.8   665.8   767.5  1000.5  4732.7 17414.3  20806.7    20747
read      500.1  1052.4    80.4   155.9   183.1   348.9   422.9   468.6   505.6   557.3   678.1  1078.9  4367.4 11533.2 34382.1  86198.3    86350
read      413.0   319.0    80.4   146.4   170.4   343.5   444.8   494.5   535.7   599.3   721.8   943.0  1455.4  2545.6 11180.1  45460.7    45464
read      455.7   496.6    80.4   148.6   172.9   349.4   469.2   541.0   610.5   713.0   856.7  1119.6  1615.2  3943.4 15797.2  53083.7    53131
read      370.3   418.5    80.4   147.3   169.7   319.2   395.1   439.2   471.7   506.7   560.3   693.9  1296.6  4057.9 14388.1  74044.0    73951
read      336.0   348.8    80.4   146.4   167.6   303.0   369.3   406.5   433.9   465.9   504.6   573.3   834.8  3379.3 13571.7  93971.3    94334
read      329.4   227.6    80.4   142.5   163.5   300.8   369.6   407.8   436.4   468.0   505.4   564.4   800.4  2859.3  6047.2  86216.3    86311
read      344.7   290.3    80.4   141.1   162.6   310.7   384.9   426.4   456.0   489.3   529.3   591.7   850.5  3852.3 11059.8  64811.7    65078
read      435.2   457.0    80.4   148.1   171.1   347.9   457.2   511.4   568.1   651.3   771.8   956.9  1470.7  5318.8 10301.2  39608.3    39749
read      419.7   312.4    80.4   149.5   171.4   346.1   458.4   527.9   586.8   662.6   763.0   931.7  1278.1  2192.3  9486.1  40035.0    40258
read      500.7   713.8    80.4   149.7   174.5   362.5   486.1   564.9   641.2   756.5   921.1  1200.5  2525.4  8247.9 30757.7  51551.3    51585
read      451.8   568.3    80.4   145.0   167.6   355.5   468.8   540.7   612.4   704.3   826.3  1007.4  1418.1  8211.5 26186.0  34889.0    34686
read      439.9   606.2    80.4   148.9   173.1   333.8   412.7   462.1   501.1   562.6   731.3  1074.9  1929.1  8120.3 21724.2  84169.3    84138
read      374.2   493.7    86.8   148.7   169.7   334.4   407.2   448.5   478.5   514.7   563.1   632.5   814.2  6760.5 27980.0  13190.3    13209
read      471.3   724.4    80.4   148.0   171.3   358.8   475.5   542.3   605.3   697.7   830.9  1049.4  1616.7  8614.9 31231.1  42450.0    42464
read      562.3  1211.1    74.4   160.2   189.3   364.0   448.0   504.1   557.4   678.8   967.9  1515.9  2958.9 12389.4 36492.4  80553.0    80367
read      334.8   428.8    93.8   155.9   178.2   305.5   352.9   380.6   400.4   424.2   454.7   501.4   715.9  5852.5 12696.4   8195.7     8224
read      513.2   946.0    80.4   149.6   174.1   359.9   479.3   558.4   640.5   773.8   961.3  1236.0  1853.3 14986.1 32425.8  40343.0    40547
read      459.8   450.9    86.8   150.4   175.3   352.9   466.9   538.0   605.5   702.2   851.8  1096.8  1801.9  4871.7 15232.2  55838.0    55800
read      398.7   851.9    86.8   153.4   176.3   328.6   402.4   439.0   464.5   493.1   532.0   598.9  1295.6 11630.8 31565.7   9964.7     9946
read      360.2   284.9    86.8   155.6   178.1   332.7   407.4   444.7   470.4   499.9   540.1   608.1   783.0  4301.7  8110.8  10783.0    10746
read      574.3  1325.0    80.4   151.2   177.6   350.4   442.7   502.7   555.3   655.3   926.4  1469.3  6677.2 12821.3 37654.1  59050.0    59198
read      383.2   498.1    80.4   150.7   172.2   340.9   424.7   469.8   497.6   532.0   585.5   677.6   884.4  7064.0 23743.0  16974.0    16993
read      497.9  1064.3    80.4   152.5   177.5   343.4   421.1   466.7   501.7   548.4   666.7  1197.6  2946.9 10657.0 32491.5  72806.7    73537
read      349.3   437.5    80.4   145.9   167.2   311.9   385.0   425.6   454.7   488.4   530.6   596.6   812.3  4174.4 17638.4  78422.0    78380
read      351.5   270.8    80.4   143.9   165.0   314.8   391.5   434.4   465.1   499.2   541.2   614.0   953.6  3774.4  8176.6  64368.7    64179
read      436.6   530.0    80.4   152.1   175.2   360.2   465.9   521.6   570.7   639.3   733.5   891.0  1375.0  7128.3 23847.9  33553.0    33741
read      455.4   445.2    80.4   149.5   173.7   353.4   472.1   545.4   616.6   713.7   850.6  1072.8  1613.2  4109.3 16929.1  54855.3    54722
read      477.6   681.0    74.4   150.5   175.2   368.7   486.4   555.4   625.5   717.8   843.0  1032.1  1749.1  8082.3 30987.5  37641.0    37642
read      446.1   932.3    80.4   144.0   167.0   326.3   411.6   461.8   497.7   542.7   633.3   954.6  1856.0 11498.6 36471.6  62585.7    62968
read      336.4   322.8    86.8   154.3   176.7   317.1   371.8   402.8   424.5   448.5   477.1   524.9   672.8  4779.4 12394.0   8787.3     8903
read      426.2   776.6    80.4   146.7   168.9   327.5   410.2   458.9   492.8   533.3   593.6   821.8  1972.9 10100.2 31880.5  54278.0    54217
read      329.3   268.8    80.4   145.9   166.7   301.5   366.5   403.7   431.2   463.8   504.5   569.0   745.9  2672.5  8050.4  95696.0    95803
read      346.2   348.9    80.4   146.0   167.4   311.1   381.8   422.9   452.5   486.6   530.0   598.7   811.3  3517.6 14332.8  79262.3    79442
read      435.7   573.9    80.4   148.1   171.2   346.7   452.5   507.8   550.1   621.4   735.4   940.6  1494.3  7257.6 23823.0  40313.7    40300
read      471.7   716.1    80.4   157.2   183.3   347.5   429.1   481.6   526.3   598.5   802.6  1175.4  2164.8  8490.0 30842.4  87860.3    87783
read      335.7   320.6    80.4   145.5   167.3   304.0   370.4   409.2   437.1   469.6   510.4   580.0   792.3  3211.9 10345.0  94422.7    94569
read      444.8   790.3    80.4   143.3   166.4   333.6   436.9   491.1   532.4   600.3   734.7  1001.6  1636.3 11202.7 32285.7  46303.0    46263
read      355.7   274.5    80.4   144.6   166.6   314.5   391.7   435.0   465.9   502.0   547.3   647.5  1124.7  2830.7  8284.3  74797.0    74598
read      339.2   296.7    80.4   140.4   161.4   308.8   380.3   423.4   453.2   484.4   519.2   574.1   783.8  3809.2  8620.8  53610.0    53653
read      399.0   650.5    86.8   148.5   170.0   340.7   423.8   467.5   498.8   535.9   586.7   679.1   985.4 10496.5 29513.6  15130.7    15178
read      445.5   795.7    80.4   147.1   170.2   327.1   411.9   463.2   501.3   548.7   648.6  1017.1  2164.1 10697.1 31636.8  59466.3    59747
read      435.3   582.3    80.4   149.6   172.5   351.1   452.7   508.2   556.0   628.2   736.8   907.3  1421.3  6218.1 26943.5  33036.3    32961
read      409.9   569.2    80.4   145.2   168.2   323.5   406.2   456.1   490.1   529.9   590.6   842.1  2229.0  7430.0 18786.4  59840.0    59968
read      399.9   414.0    80.4   146.3   168.3   343.8   443.7   499.0   542.7   599.4   679.0   818.8  1095.3  3243.0 16434.9  28734.7    28633
read      490.9   951.8    80.4   158.2   187.3   348.8   424.2   476.9   524.2   591.8   700.2  1078.9  2634.9 10204.9 31833.3  95495.7    95468
read      333.4   288.5    80.4   140.3   161.2   308.2   380.6   422.4   451.7   482.3   515.1   562.6   745.0  2321.1  8481.7  57897.7    57622
read      457.6   712.1    74.4   143.4   166.9   349.1   463.8   526.8   588.6   680.3   819.9  1036.3  1532.1  9570.7 31134.8  42045.3    41988
read      454.0   466.5    80.4   148.4   173.6   353.3   469.4   538.4   605.0   693.2   828.9  1052.9  1628.4  5809.6 12704.9  52886.3    53071
read      422.2   453.9    86.8   153.9   177.4   368.3   469.3   526.8   567.4   622.2   691.2   797.1  1084.1  7013.1 13905.3  21413.3    21444
read      629.8  1759.9    80.4   156.8   181.0   370.9   480.9   546.2   600.0   672.1   796.2  1058.6  8236.0 31091.1 37306.4  26437.3    26541
read      436.0   602.2    80.4   156.2   182.5   346.3   423.2   469.5   506.8   560.4   653.9   884.8  1847.7  7008.4 23917.8  93293.3    93439
read      349.3   295.5    80.4   142.3   163.1   315.1   389.1   431.4   461.5   495.9   539.0   613.8   908.6  3350.7 11741.5  66373.0    66211
read      353.3   304.6    86.8   146.1   167.5   318.7   393.9   435.5   465.5   500.7   545.6   626.5   876.6  3681.1  8741.7  74229.3    74042
read      411.6   466.8    86.8   150.5   173.7   350.6   454.1   508.7   545.4   604.5   687.9   827.2  1069.5  5394.6 14325.4  23294.0    23065
read      516.7   673.4    80.4   170.2   203.4   380.4   463.7   520.6   573.6   662.1   904.7  1491.0  2452.8  7952.1 28653.6  97585.3    97740
read      450.3   579.3    74.4   142.8   166.7   342.3   457.7   523.9   588.6   690.4   843.4  1077.5  1579.1  6722.2 30948.2  45916.0    45777
read      393.1   374.0    80.4   152.5   176.2   328.4   403.0   448.7   483.1   528.3   604.3   819.5  1607.4  3590.6 12780.8  89018.3    88867
read      342.7   300.1    80.4   142.6   163.5   308.9   380.7   422.3   452.1   486.4   530.7   605.1   881.5  2717.9 10516.7  80118.7    80011
read      391.0   374.3    86.8   148.4   169.5   344.5   436.3   493.9   533.2   580.2   650.4   757.7   997.4  3249.6 13584.7  17842.3    17841
read      514.1   858.4    80.4   154.5   181.3   354.2   439.0   492.3   537.1   607.8   827.4  1519.7  3019.9  8574.6 31732.9  78225.0    77854
read      359.8   392.9    74.4   145.2   165.8   322.1   397.3   439.0   469.5   503.2   542.7   614.8   928.6  5021.6 15624.9  59161.0    59289
read      391.3   308.5    86.8   149.2   170.1   346.5   440.8   495.8   534.9   588.0   660.0   763.8   987.4  2389.0 14584.9  18100.7    18117
read      488.6   886.8    80.4   149.7   174.7   348.4   431.4   483.2   523.0   581.7   734.6  1155.3  2896.5  9330.4 32034.2  66327.0    66375
read      340.5   324.7    80.4   144.5   165.7   306.5   375.0   415.1   443.7   477.1   520.6   589.1   838.1  3630.6 11464.8  86496.0    86303
read      400.8   575.4    86.8   146.7   168.3   344.8   440.1   491.5   529.5   576.7   645.7   748.7   973.7  5868.4 29916.6  17556.0    17423
read      512.2  1035.2    80.4   150.7   177.0   349.1   429.5   477.2   514.5   571.0   714.2  1407.3  4078.9 12039.2 32711.9  74743.0    74971
read      440.2   427.0    86.8   145.1   167.7   345.1   451.9   510.4   559.6   648.5   826.5  1093.5  1582.0  5260.3 12470.9  42867.3    43037
read      401.7   359.6    86.8   151.2   173.9   352.6   451.4   507.0   539.9   584.4   646.4   742.3   979.1  6792.2  8788.2  16729.3    16793
read      463.7   454.8    86.8   148.4   172.0   357.6   483.1   560.9   637.1   743.1   885.1  1093.8  1600.2  5115.5 13176.3  42465.0    42403
read      340.3   463.5    93.8   163.1   186.6   301.7   347.1   370.7   389.6   411.6   439.9   494.4  1300.7  6857.4 15342.2   5900.0     5926
read      499.0   660.0    80.4   159.6   187.9   364.6   451.0   510.1   567.2   677.8   909.0  1413.2  2061.7  7922.6 29442.0  83073.7    83291
read      462.8   546.6    86.8   153.0   177.1   364.8   478.4   542.7   604.1   695.3   828.7  1058.2  1686.7  6757.7 25237.9  37087.3    36976
read      545.8   781.5    80.4   166.0   200.7   383.6   468.2   536.9   611.2   729.4   976.9  1612.9  2441.5  8645.3 31355.9  91426.7    91368
read      426.2   373.6    86.8   152.8   176.1   353.7   458.0   517.2   572.6   650.9   756.3   921.2  1291.4  5087.6  9654.4  28587.7    28443
read      475.4   601.9    80.4   150.8   175.2   366.5   487.6   556.6   627.9   729.3   870.9  1105.7  1662.9  6426.0 30406.1  39709.3    39635
read      434.1   424.0    86.8   154.2   178.2   368.4   478.0   545.7   596.9   661.7   743.8   871.7  1125.5  6624.2 12922.8  23266.0    23343
read      362.8   276.5    86.8   157.1   180.1   337.6   412.7   452.2   476.4   504.0   539.8   595.3   735.6  4321.4  8753.6  10188.0    10222
read      493.5   812.0    80.4   153.9   182.0   354.9   435.3   489.4   535.3   602.8   740.7  1445.7  2648.9  8103.6 31315.1  85180.7    85556
read      405.4   614.9    86.8   155.8   178.2   358.6   438.2   481.8   513.8   548.7   605.1   706.5   975.8  9277.1 30627.6  14539.0    14539
read      473.6   858.2    86.8   154.2   179.1   347.8   433.8   485.1   523.4   577.3   700.7  1096.6  2626.7 10218.6 31519.6  68650.7    68552
read      338.2   215.3    80.4   151.7   173.8   310.7   376.7   414.9   442.7   474.2   514.3   583.3   806.1  2775.3  6525.8  97498.0    97504
read      346.0   280.3    80.4   147.1   168.0   315.2   387.5   429.2   458.4   491.5   531.5   593.3   827.2  2757.4  7634.3  76748.7    76462
read      440.2   585.7    86.8   150.7   173.9   358.0   464.0   529.4   581.7   663.3   765.5   912.9  1268.3  7537.4 30770.4  23652.7    23589
read      380.2   390.2    80.4   146.7   168.9   326.8   409.2   457.9   490.9   529.4   582.5   717.2  1364.6  4466.6 12870.4  57141.3    57231
read      403.8   369.7    86.8   149.4   171.6   356.5   455.9   508.7   546.2   594.7   666.9   775.8  1059.0  4110.1  8781.4  20136.3    20143
read      320.7   299.7    93.8   166.0   187.6   302.1   346.6   369.0   385.9   404.5   430.8   471.4   594.0  4357.0  9665.8   5910.7     5983
read      332.7   399.6    93.8   164.6   187.8   310.2   359.1   384.2   400.5   421.3   447.1   490.2   619.9  4247.2 17053.2   6640.7     6672
read      463.5   630.1    80.4   157.4   184.1   346.7   425.1   473.1   512.2   570.3   718.2  1274.1  2107.0  7006.0 30238.0  91731.3    91700
read      341.7   248.4    74.4   149.0   170.4   310.7   378.9   418.1   446.3   477.9   517.7   584.3   867.0  3181.8  8020.4  86615.0    86840
read      437.2   668.3    86.8   153.7   176.7   355.5   461.8   520.5   570.8   638.7   738.9   915.5  1239.0  5499.0 31720.7  27786.7    27700
read      491.9   825.7    80.4   157.7   184.5   349.1   431.3   485.5   530.4   598.3   763.4  1309.1  2767.0  8389.3 31941.0  85610.3    85548
read      349.6   260.7    80.4   145.0   166.8   320.4   394.3   437.1   466.5   499.3   536.6   593.4   864.5  2885.1  6257.2  58087.0    57817
read      346.4   458.7    80.4   144.0   164.5   309.5   381.5   423.0   452.5   484.5   521.6   582.0   819.0  5606.8 13918.0  75239.7    75185
read      419.7   354.6    86.8   150.4   172.1   347.7   454.0   515.6   565.1   639.3   751.7   944.3  1293.7  2742.4 10180.7  34285.3    34279
read      440.7   723.1    80.4   151.4   175.9   335.8   410.0   455.7   490.2   536.3   623.1   989.0  2005.5  8418.2 31468.7  82572.3    82700
read      343.5   299.6    80.4   145.2   166.8   308.7   378.3   418.5   447.3   480.7   523.6   593.3   878.6  3576.0  9330.1  85026.0    85136
read      350.0   336.4    80.4   145.0   166.4   313.7   386.6   427.7   457.3   490.5   531.5   599.6   908.4  3544.3 12115.4  72309.7    72076
read      409.8   347.9    80.4   149.3   171.1   340.9   448.1   506.3   551.1   613.0   706.7   889.3  1220.4  3225.5 13640.8  31639.3    31672
read      461.4   490.0    80.4   149.9   172.8   350.1   466.9   541.6   610.9   719.9   889.0  1149.9  1727.1  4023.1 17245.3  51672.7    51495
read      438.9   402.5    86.8   151.6   174.5   357.0   471.8   541.1   601.3   687.0   809.1   984.3  1317.7  4120.1 13738.7  34071.3    34098
read      414.5   592.6    80.4   150.1   174.0   331.6   409.8   456.9   491.7   535.2   606.6   800.6  2132.4  8284.6 20839.9  75967.0    75979
read      340.8   307.8    80.4   146.0   167.1   310.2   381.1   420.3   447.6   477.6   514.8   576.9   859.8  3042.0 13409.8  80305.7    80477
read      350.6   311.0    80.4   145.5   166.7   318.6   393.1   435.5   464.9   496.6   532.8   587.7   849.7  3683.2 10972.0  59546.7    59460
read      423.6   462.4    80.4   150.3   174.2   348.0   451.1   505.5   545.9   606.7   722.2   939.8  1471.1  4369.5 21931.4  51244.3    51029
read      664.7  1143.2    93.8   158.2   183.1   354.9   438.0   505.7   617.7  1049.5  1538.3  2689.4  3907.3 12401.0 32339.1   7435.0     7518
read      456.9   453.9    80.4   152.5   178.3   361.2   472.4   539.5   601.8   698.9   843.8  1068.9  1655.8  4634.5 12560.5  53714.3    53715
read      452.5   612.6    80.4   148.6   173.1   377.8   477.2   540.2   594.3   672.5   763.4   900.0  1562.1  6716.6 30300.7  25382.3    25201
read      373.8   287.9    80.4   150.1   173.0   321.8   396.0   440.2   472.9   512.7   572.9   733.7  1447.8  2796.6  8603.5  86231.3    86334
read      347.7   420.3    74.4   144.0   165.1   311.8   384.4   425.4   454.2   485.7   523.1   581.3   860.1  4454.3 12160.4  68597.0    68466
read      336.7   239.9    86.8   145.4   166.1   309.0   380.1   421.1   451.7   484.6   520.7   574.3   773.8  2641.8  8363.2  71039.7    70997
read      346.0   274.9    74.4   141.9   163.4   314.3   388.5   430.9   461.6   494.8   533.6   593.5   837.8  3428.9  8086.9  52310.7    52493
read      339.7   230.9    80.4   151.2   173.5   312.5   378.6   417.0   444.6   476.5   519.4   587.5   808.1  1943.6  6074.4  97440.7    97365
read      430.8   648.8    86.8   149.3   173.0   364.1   459.6   507.2   548.4   604.4   687.9   831.4  1220.1  8331.8 32379.6  24534.3    24540
read      466.5   476.1    80.4   158.2   185.3   354.1   436.0   490.6   536.8   618.6   848.5  1406.3  1951.0  3832.7 12761.0  92061.0    92258
read      350.6   412.9    74.4   144.3   165.0   315.3   389.6   431.6   462.2   495.3   533.2   590.0   836.1  4645.8 13296.2  61758.7    61596
read      447.8   507.8    80.4   151.3   176.8   378.9   480.3   533.6   579.6   648.5   757.8   938.8  1379.9  5829.7 16566.3  34391.7    34141
read      473.6   648.7    86.8   151.0   176.0   384.6   497.8   567.0   634.8   729.6   851.3  1021.3  1378.7  7415.8 31131.7  34007.0    34040
read      456.7   429.4    80.4   152.4   177.7   366.6   480.4   547.4   608.7   694.0   826.7  1063.2  1585.0  4842.9 11505.2  51790.3    51650
read      375.9   326.6    74.4   145.6   168.3   316.2   390.7   435.3   467.7   507.7   570.0   750.5  1620.5  3588.2  8548.9  84456.3    84510
read      400.7   900.0    93.8   150.2   173.7   350.1   415.4   453.0   478.3   505.6   540.6   592.2   939.5 17507.0 32341.6  11516.0    11418
read      468.5   571.9    80.4   149.9   174.9   354.0   469.4   541.6   609.1   706.8   865.3  1145.7  1724.3  7073.3 21212.3  52716.7    52675
read      420.0   539.3    86.8   150.7   175.2   379.8   461.9   508.8   541.6   578.3   630.0   731.6  1066.5  6800.5 25446.0  17966.0    17797
read      384.0   959.4    93.8   157.1   182.2   305.4   351.6   373.7   390.1   407.9   434.3   491.2  3310.7  8773.6 45074.4   5889.3     5867
read      425.4   405.6    86.8   149.4   172.6   344.8   443.7   499.0   541.9   604.8   723.6   993.6  1643.4  4116.2 15119.4  52430.0    52619
read      440.2   580.4    80.4   146.7   170.8   364.9   472.0   530.6   581.7   658.4   765.5   909.8  1241.9  6488.2 30612.2  27142.0    26866
read      469.8   505.7    80.4   153.3   178.4   382.6   496.5   564.5   624.9   714.6   839.9  1030.7  1549.4  5755.9 23916.3  36579.3    36770
read      461.3   460.6    80.4   155.5   179.8   363.8   482.1   551.0   616.6   715.3   857.8  1079.0  1672.9  3397.6 13167.8  54228.3    54384
read      472.6   486.9    80.4   153.9   179.3   373.8   494.4   564.6   631.0   734.3   882.9  1096.7  1626.0  5656.0 22224.2  46332.7    46370
read      402.1   376.1    80.4   153.5   177.2   336.5   418.7   467.2   503.1   548.8   626.4   856.1  1632.8  3377.0 12619.9  76185.3    76122
read      391.0  1005.1    93.8   164.1   188.1   302.1   345.3   370.1   389.1   411.9   445.7   510.8  3248.5  8948.7 38479.1   5474.3     5564
read      434.7   570.5    80.4   154.7   179.9   342.5   420.3   466.1   503.3   552.1   640.9  1053.8  1883.1  7003.8 27904.0  83127.3    83576
read      345.1   250.2    80.4   144.5   165.6   315.3   390.7   432.4   461.9   494.7   534.6   598.2   826.0  2525.3  7646.8  70277.3    70472
read      343.6   286.3    80.4   143.0   163.9   311.1   385.1   427.7   458.2   491.7   530.9   589.4   882.5  3206.4 10148.6  64708.0    64755
read      442.5   568.5    80.4   147.6   172.1   363.8   466.3   516.8   566.0   634.5   752.4   931.5  1314.1  8387.8 19115.6  29091.0    29037
read      464.5   495.1    80.4   150.7   175.5   368.1   480.4   544.4   599.2   698.9   880.3  1104.4  1592.5  5238.4 14357.1  42114.7    41816
read      385.2   802.6    93.8   157.2   182.1   331.1   385.5   414.4   434.8   458.2   487.9   545.2  1437.4  5559.9 31374.5   7953.7     7902
read      413.2   476.8    80.4   145.7   168.8   332.1   423.2   475.8   514.2   564.9   664.0   919.4  1601.1  7208.8 13245.6  54680.0    54755
read      417.8   714.1    80.4   143.6   166.3   355.4   445.8   497.3   540.2   595.9   670.7   789.4  1242.7  6560.3 31990.0  21464.3    21304
read      458.0   442.7    80.4   145.9   169.0   341.2   458.3   526.1   586.4   706.6   925.7  1224.7  1740.5  4199.6 12777.6  48630.3    48725
read      455.3   383.1    86.8   149.7   173.8   367.4   480.3   544.5   604.8   709.3   872.5  1101.5  1496.3  3215.3 10170.8  41802.7    42008
read      432.8   730.0    86.8   146.8   170.3   370.7   457.0   508.3   541.7   579.3   637.2   740.9  1793.5  8841.9 34149.9  17917.3    17905
read      413.1   415.3    86.8   148.9   172.6   374.6   464.5   516.2   549.7   586.7   642.1   737.6  1074.7  5447.0 14862.5  17876.7    17935
read      463.7   524.9    80.4   150.3   174.2   360.0   475.1   540.8   605.5   705.2   863.2  1116.2  1689.4  5417.8 20772.0  48877.0    49079
read      402.7   423.2    74.4   146.3   170.0   326.9   402.2   449.4   486.4   536.7   626.5   911.9  1745.4  3932.8 12550.2  94690.7    94759
read      365.9   705.8    86.8   158.6   182.7   318.7   371.6   396.6   415.0   436.6   468.6   519.5  1312.4  5416.1 30048.0   7267.7     7230
read      385.3   462.6    80.4   143.5   165.5   322.6   401.5   449.7   484.3   523.9   580.4   769.4  1575.8  3861.9 13458.4  58082.3    58148
read      443.2   471.4    80.4   146.8   170.5   347.0   457.0   515.7   563.1   641.7   803.5  1065.0  1607.3  6636.8 14053.4  42087.0    41963
read      400.4   585.6    86.8   148.7   174.5   359.3   433.7   473.8   498.3   526.3   561.0   625.3  1091.3  5083.9 26777.9  12023.3    12041
read      376.7   402.8    80.4   146.1   168.8   322.0   398.8   444.9   477.6   517.1   572.6   724.9  1380.5  3474.7 12879.0  75390.7    75650
read      343.2   320.4    80.4   142.3   163.3   312.2   386.1   429.0   459.8   492.6   530.4   587.1   810.2  3580.6  9353.0  59996.3    59962
read      437.7   591.8    80.4   144.2   168.5   354.7   457.7   505.9   549.3   617.8   736.6   937.7  1358.2 10434.2 21638.0  32022.7    32180
read      459.0   373.3    86.8   149.9   173.8   361.0   480.0   544.6   604.3   715.4   891.5  1137.6  1632.5  2944.8  9481.2  43801.7    43923
read      409.0   389.9    80.4   153.8   177.6   334.7   413.4   460.5   496.1   541.7   624.8   900.4  1829.2  3560.6  8713.9  84082.0    84086
read      414.7  1060.7    86.8   152.0   175.7   334.0   394.7   430.3   456.1   484.8   520.4   587.7  2445.5 12628.2 48356.1   9505.3     9479
read      462.5   531.6    80.4   154.7   180.7   371.9   483.7   549.8   609.8   694.6   814.9  1063.2  1639.4  4866.0 22224.0  56000.0    56063
read      426.6   466.2    86.8   148.0   172.2   341.5   440.2   495.3   537.9   599.8   718.3   988.9  1653.8  4718.7 12808.4  56025.0    55950
read      358.2   377.1    80.4   144.4   166.2   319.5   395.9   438.2   468.3   501.3   540.4   606.3   894.5  5489.5 12651.2  61629.7    61795
read      342.2   227.7    80.4   142.4   163.6   314.4   390.0   433.7   464.3   497.4   533.1   585.5   801.8  2844.3  7652.9  55484.7    55744
read      410.2   505.2    86.8   146.8   169.8   359.9   445.3   495.8   535.8   579.7   640.5   745.8  1181.8  6764.6 15968.3  19172.0    19107
read      378.7   450.0    80.4   147.0   169.3   323.4   401.5   447.7   481.9   523.3   580.5   716.1  1278.7  5579.0 12890.1  70985.3    71166
read      455.6   619.3    80.4   146.7   172.7   370.8   478.2   541.3   597.6   684.1   798.2   969.1  1489.9  7783.2 32118.7  32244.3    31992
read      429.2   482.9    80.4   149.6   174.5   382.3   471.2   527.0   569.2   621.2   698.7   813.0  1107.5  7304.8 15442.8  24577.0    24395
read      445.2   631.0    86.8   149.8   174.8   376.8   472.9   537.4   587.8   657.3   753.2   879.6  1247.0  7958.5 33236.1  23930.7    23882
read      464.6   477.7    80.4   150.5   175.4   371.7   486.2   550.3   609.9   701.8   857.2  1096.5  1562.3  6000.1 15535.5  44064.3    43900
read      412.2   413.1    74.4   150.8   175.0   332.6   411.3   461.0   499.2   549.8   649.6   987.0  1749.7  3450.9 10896.1  85643.0    85570
read      445.2   438.0    80.4   148.1   172.7   352.4   461.4   524.1   577.4   664.4   812.3  1066.1  1582.2  5056.7 14051.1  45143.0    45119
read      463.2   603.0    80.4   150.4   175.1   375.0   485.5   549.7   608.6   695.4   836.3  1042.0  1477.3  5468.2 30922.6  41024.0    41022
read      365.4   249.3    74.4   148.1   169.6   323.6   402.2   448.2   480.7   516.5   564.5   665.3  1222.8  3030.5  7885.5  68757.7    68789
read      344.8   355.2    80.4   149.1   170.6   309.9   379.0   419.3   448.2   481.2   522.5   586.2   843.9  4022.3 12118.1  86675.0    86968
read      341.3   332.2    80.4   147.2   168.7   308.6   378.2   418.0   446.5   478.5   518.9   581.9   797.5  3761.6 11910.0  85544.7    85781
read      340.2   289.3    80.4   148.1   169.3   307.9   376.2   415.7   444.2   477.4   517.9   581.8   828.5  3886.6 10852.4  83846.0    83708
read      381.3   967.0    93.8   158.6   181.7   317.0   365.0   393.5   414.2   436.9   475.1   533.6  1256.4  9009.0 32181.6   7585.3     7548
read      476.7   547.1    86.8   158.9   185.0   357.5   444.3   500.6   547.5   639.9   889.0  1371.0  2044.4  5187.9 14249.7  84612.0    85041
read      340.8   398.2    80.4   148.3   169.6   307.1   374.8   414.2   442.3   475.6   517.6   583.6   802.4  3740.0 16556.8  92599.3    92424
read      418.8   875.6    86.8   155.1   180.2   351.9   415.1   451.8   477.8   505.8   541.4   615.0  2065.4 10336.5 37743.5  10457.3    10520
read      386.0   403.2    80.4   145.2   167.7   327.2   408.6   456.4   490.0   529.5   586.1   766.3  1540.8  3854.5 15110.9  59238.7    59463
read      430.8  1170.7    93.8   152.4   175.0   342.2   402.6   438.0   463.9   491.9   528.7   605.1  2497.9 11958.6 39958.8  10002.3     9967
read      412.6   421.0    80.4   152.9   177.0   334.6   411.5   457.9   492.7   536.3   621.1   992.1  1810.7  3098.7 15445.0  83513.7    83850
read      436.4   741.0    80.4   147.5   170.2   367.5   454.0   500.9   545.0   597.8   688.2   841.2  1496.2  9545.8 31466.3  21058.0    20931
read      458.5   488.1    80.4   150.2   174.5   371.7   484.0   545.8   602.9   691.6   843.8  1054.4  1463.7  5961.3 16158.5  39446.7    39430
read      422.5  1001.7    86.8   150.5   175.3   349.4   409.7   442.1   464.9   489.5   520.3   584.6  2520.4 12245.8 32516.1  10067.3    10097
read      404.9   384.1    80.4   151.6   175.3   337.6   420.5   468.7   504.6   550.3   631.2   845.1  1684.0  3961.5 12132.8  73036.3    73316
read      346.2   293.6    80.4   146.2   167.1   315.4   388.7   430.2   460.4   493.0   530.7   586.8   803.1  3722.7 10108.5  70309.7    70315
read      335.1   324.6    80.4   143.1   163.6   304.5   375.4   415.4   443.9   477.0   514.3   569.9   786.7  2727.2 12852.6  78870.3    78855
read      359.3   390.0    80.4   146.6   168.6   322.6   399.2   441.9   472.6   505.9   545.2   611.9   874.1  4157.7 15721.1  59112.0    58950
read      440.2   455.9    80.4   151.3   177.1   373.3   480.6   531.8   575.2   641.4   764.6   941.4  1354.9  4819.6 20037.6  34024.0    34061
read      451.2   558.9    86.8   149.9   175.0   379.1   479.9   542.2   590.2   660.3   762.0   907.2  1286.7  7465.9 23293.2  26795.7    26583
read      443.4   438.0    86.8   152.3   177.3   386.4   489.2   553.9   604.1   672.2   760.4   892.9  1249.5  3809.9 24312.7  25250.0    25395
read      419.9   283.3    86.8   152.6   178.0   384.3   475.3   531.8   575.1   624.7   695.7   805.8  1120.2  2343.4  7484.5  22165.0    22164
read      473.7   478.1    80.4   155.4   182.4   383.4   501.1   573.5   634.8   727.2   857.4  1066.8  1630.8  5163.7 17358.1  47164.7    47101
read      448.7  1299.7    86.8   162.3   185.6   330.4   387.9   415.2   433.6   459.2   493.3   557.3  3297.1 21317.3 37350.9   7499.7     7444
read      397.3   493.0    80.4   148.7   172.4   333.0   416.3   463.8   497.1   536.2   596.4   792.5  1585.7  4329.1 16172.4  54868.7    55024
read      345.9   316.5    80.4   145.2   166.4   314.9   388.0   430.4   461.2   493.2   529.7   584.2   813.9  3802.5  9140.2  63365.0    63245
read      329.6   308.1    80.4   149.8   171.1   301.2   364.9   401.7   429.1   460.9   500.1   559.4   752.5  2481.2  9178.1  98970.0    99038
read      445.0   904.1    86.8   149.0   172.4   367.7   449.5   495.3   534.7   586.4   663.4   795.2  1400.3 13330.9 32315.0  21587.0    21467
read      463.0   436.7    86.8   150.7   176.1   382.8   490.0   561.4   626.6   732.6   864.7  1035.0  1388.4  5481.2 11504.9  31709.0    31580
read      456.1   675.7    80.4   151.3   176.5   385.0   487.5   547.7   599.7   668.8   772.2   930.9  1293.7  9079.8 31686.1  31020.0    31003
read      440.6   473.0    80.4   148.2   173.8   377.2   475.3   538.3   586.9   656.8   758.5   893.9  1267.8  5178.7 15606.7  25505.3    25606
read      465.8   545.5    80.4   150.8   175.8   370.6   487.5   556.6   621.4   724.4   863.9  1090.7  1540.6  5632.5 27749.5  43985.7    44132
read      382.4   351.3    80.4   152.5   175.9   325.8   403.3   449.4   483.2   524.8   587.0   761.5  1486.9  3233.2 10207.2  83621.0    83533
read      417.1   513.2    86.8   149.7   172.8   369.6   453.0   499.4   535.5   577.5   639.2   748.4  1332.1  9536.1 16361.5  19532.7    19348
read      468.1   465.0    80.4   152.3   178.0   378.6   492.0   557.9   621.2   724.0   874.0  1096.7  1565.3  4731.6 15887.6  40899.7    40871
read      406.1   366.0    80.4   154.9   179.3   336.2   411.1   455.7   490.4   536.0   612.8   897.3  1802.0  3470.5 10688.3  88026.0    88113
read      443.2   520.4    80.4   149.1   173.8   363.4   467.8   521.6   571.3   639.9   786.4  1009.3  1376.9  5326.4 27416.4  37421.7    37297
read      385.1   440.0    80.4   145.6   168.0   326.6   409.3   457.7   492.0   532.4   588.0   734.2  1400.8  4659.4 14757.1  62759.0    62999
read      352.4   314.9    80.4   144.5   166.0   319.4   394.3   435.5   465.4   498.7   538.2   602.2   900.4  3376.3 11850.5  62451.3    62404
read      476.7   743.2    86.8   151.0   176.3   377.7   477.7   540.7   593.8   671.9   783.9   964.0  2168.8  9180.5 31784.4  24856.0    24820
read      449.4   503.6    80.4   148.6   174.1   368.4   474.3   536.7   591.1   676.8   822.9  1012.1  1358.9  5334.9 17184.9  36305.7    36437
read      452.6   421.1    80.4   150.1   175.6   362.1   476.4   543.6   606.5   695.6   834.6  1068.8  1529.4  4228.5 15067.5  49986.3    49684
read      428.7   420.8    80.4   160.8   186.7   342.6   415.8   461.7   499.2   555.5   702.4  1079.0  1836.0  3282.9  9964.3  98539.0    98034
read      421.6   347.7    80.4   149.0   173.4   352.0   455.5   505.6   547.5   616.0   732.6   956.6  1392.2  3297.9  9120.2  46872.3    46819
read      439.1   682.5    80.4   152.0   177.6   382.2   465.4   518.6   557.9   605.6   685.4   807.1  1173.4  9072.6 31684.6  23788.3    23705
read      399.8  1057.2    93.8   153.7   177.3   337.7   404.9   435.6   456.9   480.4   508.7   567.1  1161.1  8404.8 42296.9   9925.3     9975
read      498.9   995.7    86.8   154.2   180.7   390.1   490.0   557.6   611.6   684.1   789.8   953.6  2387.2 10970.7 42044.6  24541.7    24359
read      405.4   357.8    80.4   154.8   179.8   336.5   414.3   462.4   500.6   551.0   640.0   874.8  1638.0  3960.4  8510.3  91968.3    92062
read      365.0   578.9    86.8   152.2   174.8   334.5   400.0   433.9   457.4   482.3   509.0   554.2   752.5  6689.2 31473.6  10175.3    10116
read      394.6   269.8    86.8   151.9   175.2   366.8   448.5   496.8   529.3   567.1   620.8   723.1   929.5  3702.7  8839.1  16435.3    16577
read      374.5   287.0    93.8   155.3   181.0   356.1   429.8   470.1   494.4   522.2   558.8   616.2   790.2  3127.2 12241.5  12730.7    12756
read      402.4   382.7    86.8   150.1   174.5   364.7   450.7   500.7   538.3   586.6   658.2   762.4   981.2  3557.0 13840.5  17017.0    16988
read      378.7   361.4    80.4   155.2   178.6   330.2   405.7   449.6   482.8   524.2   584.5   723.3  1214.9  2949.9 12341.9  85333.0    85581
read      407.0   532.5    80.4   146.9   170.7   336.9   430.6   482.5   519.7   569.1   650.5   866.7  1349.2  5545.9 24679.7  47304.0    47151
read      362.3   361.0    74.4   150.5   173.4   314.5   383.3   423.7   453.9   490.3   541.2   661.6  1356.0  3071.4 13691.1  95825.0    96117
read      415.0   339.7    80.4   145.4   169.1   343.8   451.1   504.6   545.7   612.6   732.8   952.4  1361.3  2594.0  8717.1  44456.7    44337
read      417.1  1334.2    93.8   156.5   180.7   313.5   361.0   384.9   400.3   420.5   447.2   505.7  2784.4 28807.8 32515.9   6838.7     6791
read      417.6   403.2    80.4   158.4   183.8   341.4   415.4   460.4   497.0   546.2   638.0   938.6  1783.2  4886.9  9372.9  96861.3    97379
read      342.4   307.4    74.4   141.5   162.9   309.9   382.2   423.1   452.4   485.1   523.1   581.8   903.0  3213.3 13037.0  62551.7    62678
read      355.0   390.7    80.4   143.4   164.8   313.3   388.1   430.4   461.5   496.1   538.5   614.0  1001.3  4153.1 12126.6  72580.3    72481
read      312.9   266.2    93.8   152.4   174.1   296.0   339.4   362.3   377.7   395.9   420.4   466.1   626.2  4224.5  8751.2   7067.0     7049
read      444.1   430.3    80.4   153.6   178.8   358.7   466.1   532.2   588.8   668.8   797.9  1005.4  1543.0  4266.8 13224.8  61339.7    61614
read      356.6   354.7    74.4   146.4   168.4   317.2   393.2   436.2   467.0   499.6   538.5   604.5  1003.9  4150.0 10075.7  56451.3    56233
read      407.6   540.8    80.4   147.0   169.7   331.2   427.5   480.9   517.5   568.1   664.7   905.7  1433.4  5175.8 25041.5  51354.7    51538
read      401.3   448.8    80.4   154.4   178.8   330.0   402.9   445.7   478.6   522.0   597.1   881.5  1718.7  3587.5 16919.6  91765.0    91726
read      350.2   315.3    80.4   146.9   168.6   318.4   394.5   435.6   465.1   495.2   529.7   582.9   836.9  4077.0 10507.4  58163.7    58160
read      434.8   604.7    80.4   154.0   177.8   360.0   462.2   511.2   551.6   608.0   706.4   902.1  1377.6  7995.1 29900.8  47947.0    47979
read      443.5   386.3    80.4   150.0   174.1   363.9   477.0   542.7   599.6   680.0   805.6  1029.9  1431.0  3139.5 13367.1  46054.0    46185
read      401.6  1119.0    93.8   154.4   177.5   311.0   356.2   378.8   395.8   416.4   443.5   501.9  3020.4 16771.3 32193.1   6871.7     6860
read      451.6   786.6    86.8   150.2   174.7   381.4   463.4   514.8   552.6   593.5   675.5   806.1  1486.2  9530.3 31789.5  22198.3    22291
read      430.1   389.3    80.4   160.2   185.8   338.5   413.7   461.2   500.8   565.5   748.3  1129.0  1784.6  2982.4  9690.4  97285.3    97632
read      435.1   545.6    80.4   147.1   170.7   345.6   449.5   502.3   545.3   613.2   740.8   984.4  1606.9  6729.5 26606.7  40308.7    40309
read      431.9   394.2    80.4   149.5   173.6   344.8   457.6   524.3   581.8   655.0   778.5  1000.5  1474.9  3650.4 16202.0  60188.7    60196
read      343.6   451.6    74.4   140.0   160.7   304.3   376.0   419.2   449.9   483.8   522.8   580.1   888.2  4391.1 30450.0  60266.0    60423
read      335.8   331.1    80.4   146.5   168.3   306.1   372.8   410.3   436.6   467.9   507.3   571.8   779.3  3145.6 14380.0  88875.7    88920
read      378.5   581.8    74.4   143.0   165.7   340.6   404.3   443.8   470.8   499.1   536.9   594.0  1004.7  8346.4 30772.2  14544.3    14690
read      435.5   495.8    80.4   145.2   170.5   365.7   466.7   525.6   575.1   636.7   739.4   905.9  1327.0  7383.2 16082.7  35408.0    35261
read      447.8   434.0    80.4   146.9   171.2   358.8   473.1   540.4   600.5   693.6   840.3  1066.8  1468.8  3808.2 12563.3  45616.3    45626
read      411.0   466.5    86.8   146.5   171.0   367.2   453.8   506.4   543.5   583.9   639.7   754.8  1168.5  7827.5 20509.2  23251.7    23089
read      421.6   499.4    86.8   145.1   169.5   366.3   462.0   519.3   563.5   622.4   709.4   829.7  1175.6  5012.8 30552.7  25761.3    25761
read      362.3   359.4    80.4   147.1   169.8   315.1   389.5   433.0   465.7   504.0   556.8   682.2  1229.2  2863.7  9327.3  81274.7    81256
read      430.2   657.2    80.4   145.3   169.4   353.4   455.7   507.7   553.5   617.4   706.3   866.8  1363.1  9648.8 30661.9  33947.3    33855
read      352.7   240.1    80.4   144.0   166.5   313.4   389.5   433.4   464.1   498.4   541.7   632.1  1108.7  2893.1  5500.1  69575.3    69609
read      323.3   281.6    74.4   140.4   161.4   292.3   357.6   395.1   421.8   453.1   492.7   549.8   787.4  3002.5  8710.9  94470.7    94672
read      323.7   248.0    80.4   140.7   161.2   297.4   367.0   406.7   435.6   468.6   505.2   557.8   713.0  1597.6  7132.4  79507.0    79426
read      338.6   386.8    80.4   138.5   159.2   303.6   375.5   416.7   446.2   478.9   513.7   564.9   802.2  4263.2 12453.4  59666.0    59732
read      339.0   276.5    74.4   142.7   164.2   309.1   383.6   426.4   456.6   488.0   522.3   573.1   807.3  3303.0  8995.5  57082.0    56920
read      435.0  1349.6    86.8   148.0   171.6   332.8   397.9   430.7   452.8   476.9   507.4   574.0  2190.3 28958.2 49587.0  10197.7    10299
read      443.6   354.8    80.4   148.6   173.2   358.7   470.6   541.7   604.8   696.5   824.3  1036.9  1484.1  2836.2  8946.7  51101.3    51263
read      436.1   462.6    86.8   150.1   175.5   376.5   470.6   533.3   577.0   633.0   719.1   864.7  1372.6  5573.0 15586.7  30447.3    30355
read      362.9   351.7    80.4   139.6   161.6   311.5   390.1   436.6   470.8   507.3   556.4   702.3  1285.5  3422.4 10190.8  59398.3    59641
read      435.9   489.4    80.4   146.3   170.9   344.8   455.6   516.6   570.7   653.9   797.4  1022.4  1465.0  4992.4 16297.8  49929.3    50211
read      413.5   339.5    80.4   144.9   169.6   360.9   459.5   521.9   572.5   631.0   716.2   847.9  1124.4  2695.3 13648.8  31937.3    31826
read      375.5   377.2    80.4   146.0   169.1   319.5   395.8   439.9   471.9   510.9   572.1   744.7  1442.6  3128.2 11685.1  81820.7    81725
read      417.0   450.1    80.4   146.3   171.1   358.8   454.0   502.5   545.0   606.0   700.5   866.3  1197.2  5810.2 19740.9  33296.3    33173
read      397.5   843.8    93.8   147.5   170.7   334.4   402.3   433.3   454.3   476.9   505.1   572.1  1906.6 11085.9 36150.7  10590.3    10625
read      442.0   705.0    86.8   148.5   173.8   376.4   466.2   522.4   563.2   611.2   690.7   831.7  1283.3 10658.3 31527.1  25407.3    25463
read      424.9   653.0    80.4   146.0   170.3   374.0   459.5   512.6   552.3   593.8   650.0   750.0  1075.8  8834.4 30974.7  23583.0    23691
read      389.3   402.8    80.4   144.4   168.0   321.4   399.8   447.5   483.5   527.7   604.3   857.6  1569.3  3756.2 12456.1  76407.3    76256
read      336.0   321.8    80.4   142.6   163.5   304.7   373.7   412.4   439.4   470.2   507.5   569.3   799.4  4141.2 11367.4  82251.0    82131
read      412.6   581.9    80.4   144.1   168.3   351.8   443.7   497.0   539.2   585.9   653.8   780.2  1119.8  6127.9 30347.4  25059.3    24907
read      357.3   269.0    80.4   144.1   166.3   312.5   386.6   430.0   462.0   498.7   544.7   669.3  1230.2  2637.4  7325.7  74590.7    74732
read      404.9   278.7    80.4   146.5   170.4   357.5   456.1   506.0   549.9   605.8   688.0   825.7  1113.6  3618.0  8497.7  29324.0    29155
read      445.6   539.5    86.8   146.4   171.1   369.2   477.9   543.3   595.4   664.9   769.2   937.9  1308.3  6834.3 29246.5  35929.0    35884
read      363.0   348.8    80.4   144.2   167.0   315.0   392.8   438.3   469.9   506.3   556.0   697.3  1144.6  3423.2 13961.1  69784.0    69804
read      413.7   349.2    80.4   146.0   171.0   350.0   456.8   508.6   556.1   617.4   710.6   901.5  1282.1  2366.3 12598.2  48879.7    48927
read      415.0   935.4    86.8   149.8   173.5   349.0   423.0   455.1   475.5   500.1   539.6   620.5  1420.8 12216.1 31848.5  11219.0    11165
read      379.6   407.7    80.4   147.6   170.6   322.4   397.3   441.1   472.7   510.1   567.0   715.3  1524.0  5226.9 12402.0  81483.0    81672
read      325.6   221.2    74.4   146.5   167.7   300.7   365.5   401.8   428.6   459.6   497.2   551.0   723.9  2590.6  5872.3  92486.3    92727
read      339.7   395.7    80.4   141.0   162.0   304.5   375.2   415.1   442.9   474.8   512.2   566.3   805.9  5238.3 12233.8  68514.7    68536
read      361.6   472.9    86.8   145.9   169.1   332.1   402.8   443.7   468.4   495.4   527.5   573.6   743.2  7702.5 23164.1  12794.0    12576
read      422.0   327.0    80.4   151.8   177.2   381.5   472.4   528.1   572.3   628.0   714.4   865.8  1082.0  2693.1 15245.2  32336.7    32299
read      427.1   304.9    80.4   152.2   177.9   355.9   461.2   522.7   573.4   641.2   754.1   969.8  1410.1  2030.9  8515.2  55115.7    55056
read      418.9   345.3    80.4   151.9   176.8   362.2   460.7   512.0   556.2   616.5   706.4   881.7  1257.4  3354.2 12653.3  43659.0    43742
read      330.4   224.6    80.4   146.7   168.5   308.9   375.8   412.3   437.9   467.7   504.8   561.8   719.8  1564.1  8655.9  88944.7    88941
read      328.4   205.7    74.4   144.1   165.8   306.6   372.8   409.9   436.0   466.5   505.5   567.4   727.6  1648.2  8659.3  91362.0    91448
read      341.8   273.3    74.4   143.5   166.3   318.3   394.0   434.4   460.2   487.6   519.0   567.0   732.7  3622.0  9865.6  45236.3    45277
read      342.4   212.2    74.4   142.3   164.9   322.0   398.2   438.7   465.0   492.9   525.7   576.5   741.1  1533.5  9055.5  49064.7    49078
read      331.6   178.0    74.4   143.8   166.3   312.9   381.5   418.4   443.9   471.9   506.2   561.1   726.6  1614.9  5011.2  79769.3    79868
read      334.2   217.1    74.4   138.9   160.9   311.7   381.3   419.6   446.9   478.0   516.5   577.3   762.7  2365.4  7554.7  72824.0    73041
read      312.1   261.0    74.4   152.3   175.2   308.4   342.5   360.3   371.9   388.8   409.4   449.9   630.1  3927.0  9876.4   9972.7     9906
read      291.9   248.8    93.8   170.0   194.0   277.9   303.5   317.3   329.1   343.5   365.8   412.9   564.6  4132.4  8407.4   5293.7     5273
read      368.4   239.0    80.4   154.0   180.9   354.6   427.2   461.9   485.4   510.5   544.1   600.2   821.5  1450.3 11710.2  37603.3    37743
read      350.0   230.0    80.4   144.6   168.7   328.5   402.6   441.2   468.2   499.4   538.4   602.2   788.5  1652.4  8042.0  66556.3    66565
read      351.3   202.3    80.4   149.5   173.5   333.2   411.6   451.2   476.4   502.5   533.6   581.5   744.6  1290.1  6311.2  44178.0    44521
read      341.3   198.6    74.4   147.9   170.7   321.8   393.1   431.4   458.3   487.3   521.6   575.3   746.9  1440.1  7715.8  68014.7    67932
read      336.9   212.4    74.4   150.7   171.9   335.9   398.0   420.5   434.4   453.5   475.6   518.6   642.1  2629.4  7250.9  18370.3    18355
read      338.5   270.4    80.4   147.4   169.8   316.6   387.4   426.0   452.7   481.9   515.9   569.9   717.8  1865.0  9983.5  75050.0    75096
read      341.9   199.2    74.4   145.6   168.1   321.6   394.0   432.9   460.9   491.4   526.9   581.3   760.7  1561.9  7515.1  67046.0    66852
read      345.3   302.4    80.4   150.8   172.2   334.9   407.1   433.3   450.8   468.5   494.9   538.6   684.6  3489.2 12141.4  22698.0    22652
read      334.9   178.8    80.4   147.4   170.2   315.4   385.2   423.7   450.5   480.3   516.1   569.7   716.1  1116.6  6460.1  80007.3    80368
read      344.3   190.6    80.4   151.2   174.0   332.4   415.2   445.0   462.1   481.9   505.2   543.6   674.4  1209.5  7459.6  26078.0    26106
read      329.3   199.7    80.4   146.2   168.5   307.6   375.3   411.8   437.4   467.0   504.3   560.9   714.9  1709.1  8344.3  86348.0    86510
read      331.1   199.4    74.4   145.5   167.6   309.1   377.9   414.8   440.3   469.2   505.1   561.8   738.7  1688.8  8006.2  85146.0    85062
read      340.7   207.5    74.4   144.8   167.4   320.2   394.1   433.0   460.2   490.3   524.8   574.1   733.2  1725.8  8602.8  61013.7    60837
read      332.6   257.8    80.4   151.5   172.5   335.8   389.5   410.6   424.4   438.8   462.1   500.1   625.3  2318.1  8352.1  15638.7    15692
read      345.0   189.2    74.4   146.3   169.4   327.1   400.4   438.0   464.5   493.6   527.7   578.5   746.7  1705.1  5767.3  56286.3    56199
read      343.1   234.3    74.4   145.7   168.7   320.6   394.3   435.1   463.7   492.9   525.8   575.4   739.4  1614.9  9326.2  57298.0    57182
read      348.0   227.8    80.4   146.2   169.7   328.2   405.5   445.7   471.8   499.7   532.0   580.3   729.2  1644.1  7648.4  44807.0    44697
read      335.5   258.2    74.4   148.3   170.6   311.5   378.7   415.7   441.2   470.9   508.2   569.1   750.5  2187.2 11418.4  85540.3    85844
read      329.7   223.8    80.4   150.9   172.8   306.0   369.4   404.5   430.7   460.7   498.3   557.0   720.6  2425.7  8058.9  98655.7    98775
read      344.0   200.9    74.4   147.3   170.7   325.5   399.7   440.4   467.8   495.7   527.6   574.0   708.1  1299.7  7835.4  55064.0    55113
read      351.0   199.5    74.4   147.9   171.8   330.2   406.9   449.4   476.9   505.1   538.1   588.4   764.7  1886.1  7263.5  51324.0    51278
read      330.8   328.8    86.8   155.1   178.0   323.2   360.0   378.2   391.5   404.8   428.1   468.6   669.0  5266.7 13524.4  10776.3    10715
read      322.5   198.5    86.8   158.1   180.9   326.2   362.8   380.9   393.8   407.7   428.2   464.3   576.0  3536.1  6744.7  11504.3    11595
read      341.1   221.8    80.4   148.9   171.5   317.2   387.3   425.4   452.6   483.2   520.6   581.2   773.9  1983.4  9844.4  80506.7    80377
read      334.9   215.6    80.4   143.6   165.7   311.7   382.9   421.1   447.9   478.2   515.7   577.3   746.1  1692.4  8112.0  81801.0    81735
read      333.0   254.4    86.8   153.5   174.3   339.4   384.2   402.3   416.2   430.9   453.0   492.4   621.8  3316.1  8945.5  14459.3    14354
read      332.9   223.9    80.4   150.4   173.1   312.5   377.5   414.3   439.0   469.0   506.9   564.7   717.6  1276.8  5568.2  92683.3    92873
read      354.2   239.4    80.4   151.1   175.1   331.2   406.9   447.4   473.9   501.0   534.1   587.9   796.9  2631.9  9068.0  54034.0    54208
read      348.9   250.7    80.4   148.0   171.2   328.0   406.8   448.5   475.1   501.4   532.4   578.0   719.8  1460.6 12004.3  45405.7    45583
read      344.1   175.8    80.4   147.2   170.8   325.7   402.1   442.7   469.3   496.7   527.6   572.9   727.9  1390.9  4488.4  50746.0    50647
read      344.9   227.6    80.4   147.1   169.1   325.1   409.6   447.5   470.5   494.3   521.6   560.7   690.1  1381.1  9868.0  35161.0    35217
read      348.2   289.9    80.4   145.7   168.4   322.1   396.3   437.2   464.8   494.9   530.5   585.9   784.0  3566.8 11419.2  64062.7    63982
read      346.9   241.4    80.4   147.6   171.2   326.0   402.7   444.6   472.3   500.6   533.1   580.7   738.2  1371.4  8132.6  53551.7    53434
read      343.8   250.7    74.4   144.6   167.5   323.1   399.7   440.4   466.4   493.7   525.1   571.7   722.9  1480.1 10858.9  45075.3    44982
read      344.2   212.7    80.4   149.8   172.3   333.3   415.0   443.7   460.8   480.1   503.6   545.2   674.2  2410.4  7381.5  25181.0    25270
read      335.5   483.6    86.8   157.4   181.0   318.8   355.9   373.6   387.4   401.5   424.8   466.7   676.3  7237.9 30189.8   9689.7     9744
read      358.7   248.7    80.4   150.8   176.6   343.0   415.0   450.3   473.2   499.3   530.9   581.0   771.5  1861.7  9330.1  36432.0    36316
read      326.3   589.8    86.8   164.4   188.1   304.4   334.9   350.6   363.5   377.5   397.9   433.8   595.8  7526.8 31362.1   8039.7     8163
read      360.7   262.0    74.4   149.0   173.6   340.2   415.3   454.4   481.1   510.4   547.9   610.6   790.6  1726.1 12689.6  60607.0    60677
read      338.5   217.9    74.4   147.5   170.4   316.4   387.3   425.9   453.1   483.6   520.3   576.1   729.3  1475.4  8493.9  78208.3    78141
read      346.6   210.6    74.4   151.1   174.2   331.7   414.1   447.1   466.8   488.5   511.5   549.4   689.9  2042.0  8039.4  28872.7    28958
read      352.1   294.4    74.4   147.4   170.1   326.8   401.4   441.7   469.0   497.7   531.2   582.9   779.7  4051.9  8942.7  52611.0    52548
read      339.3   176.6    74.4   145.8   168.9   318.4   391.4   429.8   457.5   488.3   524.7   579.6   747.8  1575.8  4699.2  70923.3    70995
read      330.0   220.9    74.4   146.5   168.5   305.3   370.8   407.7   434.1   465.9   506.8   574.8   746.3  1747.5  8586.4  99597.3    99631
read      336.8   199.0    80.4   152.1   175.0   312.7   378.0   415.2   441.1   472.0   512.6   579.2   763.4  1787.2  8138.8  96670.7    96588
read      349.4   231.9    80.4   148.4   171.4   324.7   402.0   443.2   471.0   502.8   538.9   591.6   752.9  1909.0  9927.1  62388.0    62179
read      351.7   249.1    74.4   149.6   172.2   327.9   408.0   450.7   477.5   504.5   537.2   587.4   747.8  1890.9  8833.5  42923.7    42899
read      351.4   278.5    80.4   151.0   175.0   328.8   402.1   442.3   469.4   499.6   535.3   590.5   791.6  1850.8  8076.1  65775.0    65734
read      355.6   227.0    80.4   151.2   174.7   334.2   418.7   459.9   484.7   509.1   539.4   584.5   734.5  1997.7  7955.1  40456.3    40265
read      338.8   229.4    74.4   143.8   166.0   314.2   388.5   427.7   455.6   487.0   524.9   583.4   764.0  1914.9  9066.7  72735.7    72872
read      341.2   232.6    74.4   148.6   170.1   328.6   409.5   439.6   457.3   476.3   501.5   542.5   685.2  1603.2  7034.8  25649.7    25630
read      342.2   260.2    74.4   146.6   169.3   315.8   388.1   427.2   454.5   485.1   522.8   581.3   764.5  3052.4  8912.5  78262.3    78362
read      346.3   218.0    74.4   147.9   170.5   325.1   407.6   446.8   470.1   495.4   524.3   566.1   722.7  2620.2  9111.3  37537.3    37586
read      336.5   211.8    74.4   146.8   169.2   314.8   384.8   422.5   449.5   479.8   515.7   570.6   734.7  1700.5  9512.8  79746.7    79918
read      338.3   197.4    74.4   143.3   166.2   318.6   390.2   428.8   456.1   486.4   522.0   574.9   738.4  1655.3  7724.8  68326.3    68360
read      329.5   196.6    74.4   149.1   171.4   308.8   373.8   409.8   435.7   466.1   504.2   561.9   709.2  1187.8  7388.5  95488.3    95543
read      335.1   213.3    74.4   146.8   169.6   311.5   380.5   418.7   445.8   476.8   515.7   576.4   745.2  1717.7  8445.4  85888.3    85988
read      341.5   205.7    80.4   144.4   167.3   323.3   396.8   435.9   462.9   491.2   523.1   569.3   729.8  1616.8  9599.6  55341.7    55398
read      333.7   243.9    74.4   142.0   163.8   308.1   377.6   416.2   443.5   475.6   514.9   575.9   776.3  2093.8 10889.1  83401.3    83385
read      327.7   201.7    74.4   144.3   166.4   304.9   370.7   407.1   433.2   464.5   504.4   567.9   735.5  1394.6  6965.9  93956.0    93915
read      335.3   205.9    74.4   147.9   170.4   312.3   381.2   419.0   445.6   475.1   512.8   574.2   751.2  1828.7  7604.8  85833.7    85689
read      340.1   219.2    80.4   143.0   166.0   319.1   391.8   430.3   458.7   490.1   525.7   575.9   729.0  1749.0  8726.3  62294.0    61933
read      330.8   199.9    74.4   146.5   169.2   307.9   374.4   412.0   438.0   469.0   507.5   567.7   733.7  1657.3  7226.4  91100.3    90809
read      347.7   232.4    80.4   147.8   171.2   326.0   409.0   448.6   472.4   497.8   527.5   572.7   744.3  1693.4  8073.2  36616.0    36588
read      350.0   217.8    80.4   146.4   169.4   326.8   411.3   453.3   478.1   502.8   534.0   582.5   775.1  2561.3  6830.5  35706.0    35615
read      336.6   427.5    86.8   152.6   174.5   331.3   372.5   392.7   405.8   423.7   446.3   492.0   623.7  5419.1 21533.3  12448.3    12566
read      355.1   276.0    74.4   146.9   170.9   334.2   409.4   450.2   477.1   504.8   538.5   591.6   798.4  1926.1 12609.4  56273.7    56567
read      342.5   214.0    80.4   145.5   168.4   319.3   394.0   433.4   461.1   492.5   529.1   583.0   756.8  1834.1  8101.5  71456.3    71656
read      329.5   213.0    74.4   149.4   172.1   307.3   372.5   408.1   433.5   463.3   500.6   559.4   720.3  1277.8 10944.7  94377.7    93985
read      337.3   440.8    80.4   150.5   172.1   332.4   380.7   400.5   414.8   430.1   451.9   487.6   612.5  5079.4 19980.8  14464.0    14495
read      337.4   225.4    74.4   146.2   168.9   313.4   384.2   423.0   450.7   482.2   520.6   581.7   747.8  1590.3  8585.7  83996.7    83909
read      345.9   289.6    80.4   146.7   169.7   320.3   394.2   433.8   461.4   491.3   526.4   579.6   759.0  2545.7 12362.5  68918.3    68620
read      334.8   229.0    80.4   146.6   169.6   312.8   381.4   419.4   445.6   475.4   513.1   572.0   731.6  1666.9  8853.2  85175.3    85055
read      343.8   266.4    74.4   144.8   167.7   323.6   401.3   441.0   466.8   493.2   522.9   565.7   724.0  1500.1  8512.9  44200.0    44117
read      328.9   251.2    80.4   150.9   171.8   330.2   381.4   401.9   416.8   432.3   456.0   496.1   610.4  3244.7 10062.8  15838.0    15731
read      347.6   241.1    74.4   144.3   167.6   325.6   398.8   438.8   466.6   496.0   530.9   583.3   779.0  2225.3 10084.6  55174.0    55124
read      343.0   263.4    74.4   145.2   168.0   322.4   401.7   443.4   468.5   494.5   525.3   573.5   719.2  1100.3  9326.6  35706.3    35571
read      341.6   236.1    80.4   144.4   166.9   320.9   403.3   440.4   463.0   487.2   513.6   551.4   693.1  2721.3  8507.4  31586.3    31600
read      334.3   212.8    74.4   145.5   167.8   311.7   381.1   417.7   444.1   473.6   509.9   569.8   736.6  1869.1  8523.0  82912.3    83346
read      303.4   291.4    93.8   163.3   188.5   289.1   317.8   333.8   344.3   360.0   380.0   420.3   575.5  5549.6  9495.3   6651.3     6518
read      353.7   222.9    80.4   144.7   169.1   331.0   406.1   446.2   473.3   504.5   543.0   609.4   812.0  1846.7  8737.0  65187.3    65448
read      343.0   244.7    74.4   144.8   168.0   319.0   391.3   429.5   456.9   488.0   525.5   584.6   771.1  2195.6  8352.0  74487.7    74342
read      340.8   275.0    80.4   148.1   169.1   331.1   404.8   430.4   447.9   466.5   492.6   534.6   666.3  3359.8 10743.1  21341.7    21238
read      340.8   211.6    74.4   144.9   168.0   320.1   393.0   432.2   459.8   490.0   525.1   576.4   731.9  1453.4  8188.0  67749.3    68059
read      336.9   182.0    74.4   145.4   167.7   314.7   386.0   424.9   452.2   482.6   519.3   577.6   757.7  1909.1  5010.4  77903.0    78146
read      337.8   274.3    80.4   151.9   173.9   337.2   392.6   415.2   429.4   446.9   468.5   508.0   662.5  3436.0 12884.2  16886.7    16764
read      344.7   241.8    80.4   147.0   170.1   328.5   409.5   444.1   465.5   488.6   513.8   554.2   692.5  2596.1  7276.1  29548.0    29564
read      339.9   236.6    74.4   145.0   167.2   316.6   388.0   426.8   454.1   484.8   521.4   578.6   751.1  1971.4  8502.7  73639.7    73992
read      348.7   275.1    80.4   149.8   173.0   333.8   412.5   443.8   462.9   484.6   508.5   548.9   716.4  2424.9 12103.6  27482.7    27536
read      333.0   189.4    74.4   145.1   167.5   310.0   378.1   415.2   441.2   471.9   509.6   573.7   763.6  2104.0  6918.0  86042.3    85713
read      338.8   263.9    80.4   145.4   167.6   314.3   384.5   422.8   449.8   480.2   516.8   574.1   744.4  2515.9  8835.6  75591.7    75618
read      335.5   288.3    80.4   144.1   166.5   309.3   376.9   415.4   442.5   474.9   515.9   582.9   779.6  2250.2 12489.0  90408.7    90405
read      335.6   194.5    80.4   148.2   170.3   313.8   383.8   421.8   448.2   478.1   513.2   571.1   728.8  1843.2  7289.3  85068.7    84746
read      341.3   228.9    74.4   144.4   167.5   318.3   392.7   432.0   459.9   490.8   527.1   580.8   739.8  1641.3  9089.1  66750.7    66734
read      344.0   207.1    80.4   146.9   169.2   327.8   408.8   442.4   463.1   486.2   512.0   556.7   732.5  2114.8  6571.4  30490.0    30301
read      329.5   216.5    74.4   149.4   171.4   307.2   371.9   407.2   432.7   463.0   500.3   559.0   725.0  1479.3  8480.3  98882.7    99437
read      334.8   202.0    80.4   143.2   165.6   314.6   387.1   425.2   451.8   481.4   516.3   569.9   718.8  1698.8  7356.0  74200.7    74524
read      343.2   181.3    80.4   145.5   168.4   322.2   401.0   441.6   467.7   494.4   526.2   575.4   741.2  1547.9  5052.2  47455.0    47418
read      344.5   296.1    74.4   146.4   167.8   329.9   408.8   435.7   454.0   472.8   499.3   542.0   690.6  3987.6 12502.8  22878.0    22884
read      331.8   198.8    74.4   145.9   168.4   309.9   378.6   416.0   442.2   472.1   508.9   568.3   737.3  1478.4  6128.9  85922.0    85716
read      341.7   204.4    74.4   148.1   170.4   324.9   406.1   438.7   459.1   481.5   507.0   547.2   688.1  2307.0  6689.7  28912.0    29005
read      338.3   200.6    80.4   146.0   168.7   313.8   386.1   425.0   452.5   483.6   522.3   580.5   760.8  2157.9  7147.1  78589.3    78422
read      334.7   219.0    80.4   145.4   167.8   310.0   378.4   416.4   443.4   474.7   514.4   578.5   751.6  2093.6  8052.9  90489.7    90558
read      330.3   226.8    80.4   150.6   173.0   307.9   370.8   406.2   432.0   462.3   500.0   559.4   724.4  1686.4 12005.7  97728.0    97756
read      346.9   246.4    80.4   144.3   167.0   318.7   402.4   446.9   474.8   502.9   536.1   584.8   755.0  2510.1  9296.5  38937.7    38862
read      340.0   231.6    74.4   144.2   167.4   321.0   393.0   431.5   458.5   487.0   518.6   564.4   728.8  1639.3 12029.7  53959.7    53904
read      345.1   237.9    80.4   147.0   170.4   323.7   397.6   438.2   466.1   494.9   527.6   575.7   727.0  1761.2  8054.8  56131.0    55975
read      329.5   181.2    74.4   151.4   173.9   309.2   371.0   405.4   431.4   461.2   498.5   557.9   732.1  1542.6  5541.7  99912.3    99896
read      336.6   218.3    74.4   145.3   167.9   311.6   381.2   419.9   447.8   480.7   522.0   587.7   777.8  1495.8  9447.4  84427.3    84445
read      343.3   283.0    74.4   143.5   166.4   319.5   395.1   435.5   462.5   490.7   522.7   569.7   736.0  2567.3  8826.8  49308.7    49400
read      333.4   245.3    74.4   141.6   164.0   311.3   382.2   419.8   446.6   476.5   511.7   568.8   730.0  1845.6 10444.7  73551.0    73250
read      333.3   257.4    74.4   143.6   165.9   305.6   372.1   409.5   436.6   470.3   512.6   583.0   774.8  2748.9 10634.7  95115.3    95118
read      338.8   203.8    80.4   143.8   166.6   320.6   391.0   429.3   456.1   484.8   517.1   566.9   729.2  1555.3  8038.6  63893.3    63731
read      312.4   378.1    86.8   160.5   183.0   299.9   330.1   345.5   358.8   372.7   395.2   434.0   565.4  5216.2 12498.4   8121.0     8136
read      338.8   209.7    74.4   144.4   166.7   315.3   386.2   424.8   452.6   484.9   525.7   589.8   776.9  1570.8  8307.1  80649.3    81005
read      333.3   199.0    80.4   151.3   173.9   311.5   374.1   409.5   435.2   466.5   504.5   567.8   739.0  1653.7  8032.2  99245.7    99286
read      331.7   204.2    80.4   149.5   172.3   309.5   374.7   411.0   436.8   467.9   505.4   567.4   742.4  1351.2  6367.0  95299.0    95437
read      300.9   335.7    86.8   160.9   183.8   284.8   313.5   328.9   340.2   354.8   374.3   416.3   588.6  6190.4 10239.8   6899.0     6891
read      346.5   219.3    80.4   145.4   168.7   325.7   398.1   437.5   464.4   494.5   531.3   589.7   780.5  1858.6  7808.2  69150.0    69320
read      339.4   217.7    74.4   142.8   165.8   315.0   385.6   424.3   452.0   483.9   522.9   581.7   771.6  2636.0  7748.2  77109.7    77269
read      331.3   179.8    74.4   145.9   168.5   308.7   373.8   410.2   436.1   468.0   507.4   575.0   759.0  1880.8  5398.1  96072.0    96020
read      339.6   344.3    80.4   145.9   166.8   323.9   398.9   425.5   443.1   463.3   489.1   528.7   661.7  4918.1  8609.7  21849.3    21816
read      331.2   190.9    80.4   149.7   171.9   309.3   373.5   409.2   434.8   466.7   506.1   568.1   733.5  1410.5  7863.2  98592.7    98583
read      336.7   207.7    80.4   144.9   167.4   316.6   387.9   426.5   453.0   481.4   513.4   561.4   722.8  1712.0  7963.0  65021.7    64985
read      334.1   231.5    80.4   143.7   165.9   310.3   379.1   417.0   444.6   476.9   516.6   581.5   757.7  1721.6  8529.8  88668.0    88581
read      329.0   280.7    80.4   149.8   170.5   327.7   376.4   395.3   408.2   425.1   446.1   482.5   589.3  4426.9 10136.2  14358.7    14317
read      339.9   200.6    74.4   143.4   166.1   320.1   402.6   440.9   464.2   488.9   516.8   561.6   706.1  1460.5  8776.2  33405.7    33777
read      304.8   362.2    86.8   159.3   183.8   292.7   323.5   339.6   351.1   366.2   386.8   426.2   578.6  4204.9 15500.6   7590.7     7635
read      344.9   295.8    80.4   151.0   175.4   336.0   397.7   424.4   442.2   463.2   491.3   537.9   681.4  2892.9 10157.9  20417.3    20501
read      360.2   235.5    80.4   146.8   172.8   342.5   416.3   453.6   478.6   505.8   539.8   593.0   797.6  3444.1  8195.6  38267.3    38075
read      363.1   203.2    80.4   149.9   176.7   351.0   422.7   459.7   484.8   510.8   543.9   594.4   781.3  1454.6  5137.6  39930.7    40025
read      356.4   289.6    80.4   146.5   172.2   337.5   410.2   445.4   468.6   495.2   527.8   581.6   792.0  2696.2 14831.3  34729.7    34643
read      352.6   324.1    74.4   149.6   173.1   336.4   407.1   438.1   458.3   480.7   507.9   552.0   772.7  2835.3 16717.5  25315.0    25257
read      337.2   204.4    74.4   142.9   165.4   313.9   386.3   425.1   453.3   485.3   523.5   582.9   763.2  1453.9  7863.7  77616.0    77616
read      338.6   240.6    80.4   143.2   165.1   315.2   397.7   438.4   462.6   488.0   516.6   564.5   750.9  1228.1 11080.6  33278.0    33221
read      340.0   229.5    74.4   142.0   164.6   316.8   391.5   431.1   460.1   490.8   526.0   582.2   766.5  1692.5 10007.9  58818.0    58792
read      336.8   212.6    80.4   145.2   167.9   318.1   396.7   435.6   460.3   485.2   510.4   549.4   685.2  1099.2  7665.8  35234.7    35289
read      341.4   216.5    80.4   142.5   165.3   320.4   395.2   436.3   465.2   494.9   528.3   578.3   735.9  1443.1  8005.0  51506.7    51684
read      337.2   229.8    74.4   145.4   167.9   312.8   383.3   422.1   450.9   483.8   523.6   584.6   747.2  1564.1  7992.2  85603.7    85690
read      340.6   266.9    74.4   145.2   167.7   318.6   390.2   427.6   453.9   483.0   516.9   569.5   726.5  1948.1 12522.2  69958.0    70064
read      341.6   242.5    80.4   144.4   167.4   320.6   395.9   437.4   464.4   492.6   525.0   574.9   747.1  1361.7  8183.8  43105.0    43046
read      337.5   219.8    74.4   142.0   164.8   316.6   387.8   427.2   455.0   485.4   520.8   575.1   734.2  1723.1  9807.0  65290.7    65071
read      319.4   216.1    80.4   145.6   166.2   320.7   375.2   397.1   412.0   428.3   450.8   488.9   586.7  2716.4  8809.2  16398.0    16409
read      339.9   244.0    74.4   142.6   165.6   317.9   392.6   433.0   460.7   489.2   521.1   569.8   748.7  1509.4 11174.4  45143.7    45106
read      315.4   280.6    80.4   147.9   168.5   318.7   361.3   380.6   394.0   408.9   430.0   464.7   583.8  2264.5 17040.8  12720.0    12643
read      344.1   288.4    80.4   148.0   170.6   330.9   402.1   428.3   445.5   463.9   489.0   530.9   677.4  3947.9 15124.7  22178.7    22246
read      290.0   307.0    93.8   167.6   190.4   272.9   298.9   314.5   326.0   341.6   366.6   412.4   536.6  4965.7 11617.4   5143.3     5112
read      335.0   192.7    74.4   145.2   168.2   311.9   380.8   418.7   446.0   477.5   518.3   584.9   767.0  1237.5  7354.3  88765.7    89121
read      344.6   244.6    80.4   145.4   168.0   322.6   395.2   433.8   462.1   492.6   528.1   582.4   760.7  1990.5 11148.4  64970.7    65052
read      347.6   207.1    80.4   148.5   171.8   324.4   397.6   437.8   466.3   497.4   533.5   587.9   794.7  1942.7  7536.9  66642.3    66598
read      341.2   307.3    80.4   150.3   172.4   330.4   404.7   431.9   450.2   469.1   494.6   533.8   672.9  2667.7  8040.8  22175.3    22109
read      337.6   222.0    80.4   147.7   170.0   313.4   383.3   421.4   449.7   482.4   521.8   583.9   771.0  1469.4  8030.2  85744.0    85636
read      351.3   228.1    80.4   158.0   180.9   340.0   416.8   446.1   464.0   484.1   506.0   548.1   679.0  3563.2  7835.1  23418.7    23389
read      340.9   306.3    80.4   150.8   172.5   331.3   404.3   431.2   448.9   466.9   492.3   530.6   652.7  1934.4 15132.7  22584.0    22484
read      332.5   219.3    80.4   150.4   171.4   336.1   392.1   414.2   428.1   445.0   467.1   502.9   615.5  3749.2  7935.2  16716.3    16695
read      332.0   210.0    74.4   148.8   171.0   309.5   375.1   412.0   438.2   470.1   508.7   570.7   728.7  1315.4  9383.3  96989.0    97121
read      301.0   317.7    86.8   163.7   186.6   281.1   311.2   327.1   339.7   355.4   375.5   420.3   640.2  5303.2 12511.4   6151.3     6142
read      315.8   276.6    86.8   161.1   183.6   310.7   345.6   364.2   376.4   393.1   414.1   453.8   580.9  3652.0 12991.5   9756.0     9706
read      352.1   201.8    80.4   145.8   170.0   332.8   404.1   443.3   469.3   499.6   537.0   596.6   808.6  2169.3  7657.6  63961.0    64185
read      346.8   222.7    74.4   146.4   169.2   325.1   405.1   447.1   473.3   498.6   529.3   575.7   728.3  1911.6  8568.6  38936.0    38869
read      339.7   201.6    74.4   144.6   167.1   316.4   389.4   429.4   457.7   489.0   526.3   582.9   750.6  1902.6  7928.3  73151.0    73147
read      335.5   210.8    80.4   141.7   163.7   314.2   385.8   424.2   451.5   482.1   518.6   572.9   738.1  1840.0  8349.3  72575.3    72674
read      314.3   421.0    93.8   162.0   185.7   296.5   327.1   343.1   355.6   369.5   391.7   433.3   569.8  6008.1 13746.1   7262.0     7226
read      339.6   196.1    80.4   144.5   167.3   316.4   388.8   428.1   456.4   489.0   529.5   591.5   779.7  1218.2  7884.4  81268.0    81473
read      339.3   212.4    80.4   145.2   168.1   313.7   386.4   426.4   455.6   488.7   528.4   587.5   789.9  1489.1  8809.0  76400.7    76412
read      343.8   238.5    80.4   142.2   164.7   319.2   394.9   436.3   466.3   497.2   532.0   582.9   777.6  1910.5  9644.2  48015.7    48155
read      340.0   190.0    74.4   142.9   165.7   319.9   393.1   434.0   463.0   493.4   527.5   576.4   745.1  1473.5  4610.9  51904.7    52025
read      334.7   212.0    80.4   145.0   166.6   320.1   398.9   429.7   449.4   469.8   497.0   539.0   674.0  1954.0  9710.5  25713.3    25762
read      333.9   222.9    80.4   146.7   169.1   308.7   374.0   411.2   438.0   470.1   512.4   578.4   755.6  2359.7  8098.7  96243.0    96551

Total QPS = 52357.6 (94243752 / 1800.0s)

Total connections = 64
Misses = 0 (0.0%)
Skipped TXs = 0 (0.0%)

RX 23278206991 bytes :   12.3 MB/s
TX          0 bytes :    0.0 MB/s
Warning! Detected max cpu usage > 95%
CPU Usage Stats (avg/min/max): 99.98%,43.22%,100.00%
