#type       avg     std     min      p5     p10     p50     p67     p75     p80     p85     p90     p95     p99    p999   p9999     QPS   target
read      405.0   460.8   187.4   251.1   275.6   367.5   402.7   423.4   436.6   454.3   472.3   509.1  1006.1  8013.3 13649.3   4901.2     5000
read      448.4   306.1   173.5   241.7   269.3   427.4   486.4   516.0   538.3   563.9   593.4   651.7   937.7  4075.3 12199.6   9988.8    10000
read      491.5   323.9   173.5   240.9   269.7   461.0   542.7   585.0   617.2   656.8   713.6   801.6  1087.7  3783.4 12512.6  15057.8    15000
read      486.7   300.2   173.5   230.5   253.9   447.9   544.4   596.4   638.6   687.8   746.5   830.2  1023.5  3838.1 12274.4  20045.2    20000
read      489.7   343.2   160.7   226.5   247.0   439.7   551.8   609.9   653.5   705.8   766.3   852.0  1071.1  4718.6 10751.4  25138.6    25000
read      515.3   344.5   173.5   230.6   253.7   477.9   574.0   631.2   677.3   736.4   814.8   919.5  1174.3  3921.6 14013.5  29884.6    30000
read      519.4   352.6   160.7   233.1   256.6   479.6   582.6   643.0   689.7   748.0   828.2   933.0  1148.6  2653.5 15359.4  35068.8    35000
read      523.0   314.6   160.7   234.4   259.8   492.5   594.9   647.5   686.2   737.2   806.6   916.1  1173.6  2768.3 10718.3  39848.2    40000
read      523.0   359.5   160.7   233.1   256.6   473.1   581.7   641.4   690.7   753.5   836.7   954.4  1251.4  3292.7 15690.8  44961.6    45000
read      534.5   362.1   173.5   238.9   265.2   489.9   596.1   654.6   699.8   757.4   834.2   944.4  1243.8  4069.7 13086.4  50055.6    50000
read      540.2   355.4   160.7   242.8   270.9   489.6   596.5   658.0   705.8   765.7   844.5   966.0  1344.9  3843.0 12859.2  55064.4    55000
read      566.0   353.5   160.7   257.7   293.2   533.9   629.0   682.3   724.4   776.4   845.1   958.9  1316.0  4257.1 12696.4  59925.2    60000
read      541.1   338.9   173.5   251.7   283.0   492.8   595.1   661.2   713.6   775.5   850.5   959.2  1216.9  2314.6 13477.1  64963.4    65000
read      962.0   474.1   173.5   596.2   644.3   823.0   938.6  1196.2  1329.4  1422.4  1503.8  1604.1  1782.8  3940.3 19168.7  67230.0    70000
read     1006.7   540.5   187.4   626.5   679.8   858.5   966.7  1226.2  1395.4  1493.9  1578.3  1685.9  1871.3  4646.6 22020.7  65399.0    75000
read     1013.9   518.5   187.4   677.8   715.8   859.1   935.4  1067.8  1412.2  1527.1  1612.1  1712.5  1878.9  5213.2 20319.0  65164.6    80000
Warning! Detected max cpu usage > 95%
CPU Usage Stats (avg/min/max): 73.57%,1.51%,100.00%
#type       avg     std     min      p5     p10     p50     p67     p75     p80     p85     p90     p95     p99    p999   p9999     QPS   target
read      426.7   585.2   173.5   255.3   283.2   382.1   417.6   435.5   450.1   465.2   489.0   533.5  1187.9  8010.1 26911.8   4941.6     5000
read      451.5   351.2   173.5   241.7   266.9   427.9   489.7   520.4   542.1   568.3   599.9   664.4   943.9  4140.6 15459.4  10073.0    10000
read      482.8   427.9   173.5   237.1   261.7   443.4   526.6   570.1   600.5   639.4   690.5   775.4  1035.4  6531.7 13347.2  14990.2    15000
read      491.1   405.7   160.7   227.6   250.2   451.1   545.7   595.4   632.4   676.7   736.2   828.1  1068.3  6737.2 12184.2  20118.0    20000
read      525.9   359.1   173.5   239.5   266.4   485.1   578.5   633.7   679.5   740.7   824.1   932.3  1180.4  3626.0 16055.4  25069.2    25000
read      536.8   308.4   173.5   239.1   267.8   507.6   600.7   652.0   693.1   748.3   826.4   939.0  1191.2  3393.2  9487.7  30082.8    30000
read      520.6   398.3   160.7   230.9   254.1   468.8   576.2   636.4   683.6   743.2   821.9   933.5  1277.3  4188.1 17054.8  34766.6    35000
read      503.5   337.4   173.5   230.0   251.7   445.4   556.0   621.6   671.2   732.1   806.1   906.4  1170.8  4354.8 10578.1  40036.4    40000
read      509.0   360.0   173.5   232.4   254.7   455.3   561.7   626.3   676.2   738.4   818.0   924.2  1165.0  3619.4 15205.0  44838.2    45000
read      538.5   378.1   173.5   238.4   265.5   491.7   596.6   656.7   702.8   761.3   841.1   956.5  1308.9  4017.3 14261.0  49851.2    50000
read      523.0   326.8   160.7   239.6   265.4   477.1   581.4   640.9   688.3   748.5   825.0   934.4  1214.4  2402.0 12991.6  54972.6    55000
read      521.9   294.7   160.7   244.2   271.5   477.5   579.0   637.8   685.6   744.7   818.9   927.4  1186.8  2319.2  9952.7  59954.4    60000
read      949.1   476.2   187.4   571.1   628.0   814.9   927.7  1157.9  1302.6  1403.8  1492.0  1601.4  1790.3  4115.1 17383.9  64931.6    65000
read      995.2   511.7   187.4   620.0   674.0   853.0   955.1  1192.8  1380.1  1478.7  1566.4  1673.4  1859.4  3935.6 20201.3  65491.8    70000
read      899.2   483.7   173.5   547.8   589.5   752.3   938.8  1170.4  1245.8  1312.2  1375.1  1470.6  1689.5  5019.2 19693.0  71978.2    75000
read      996.5   540.5   173.5   619.6   670.5   847.0   950.7  1238.5  1389.0  1474.5  1559.1  1661.9  1844.2  6109.3 22302.7  66299.5    80000
Warning! Detected max cpu usage > 95%
CPU Usage Stats (avg/min/max): 71.30%,2.50%,100.00%
#type       avg     std     min      p5     p10     p50     p67     p75     p80     p85     p90     p95     p99    p999   p9999     QPS   target
read      424.9   662.2   173.5   254.0   280.6   379.0   415.0   434.4   449.4   465.3   489.7   532.3  1277.4  8088.2 31027.8   4969.0     5000
read      452.6   464.5   173.5   238.2   262.7   424.1   485.3   515.0   537.2   563.5   597.5   667.3   935.3  7187.8 11740.7   9972.2    10000
read      493.7   412.9   173.5   236.4   262.0   459.7   543.1   587.3   620.3   658.6   708.0   791.8  1115.7  5275.9 17074.5  15056.8    15000
read      500.8   427.1   160.7   229.0   252.3   458.7   556.8   607.5   641.7   684.0   739.5   824.6  1123.0  5495.6 13609.9  19939.0    20000
read      521.5   414.0   160.7   231.1   255.8   476.4   576.3   633.1   680.9   739.5   814.6   919.2  1213.9  4335.7 16809.0  25032.8    25000
read      509.0   389.1   160.7   230.0   253.4   459.3   566.1   624.7   670.3   726.8   795.2   894.8  1148.2  4292.6 13266.3  29965.0    30000
read      528.4   346.2   173.5   236.0   262.6   485.4   588.2   643.9   692.0   751.2   832.6   941.0  1174.4  3879.5 13030.1  34893.6    35000
read      520.4   309.2   160.7   230.7   254.4   477.3   580.7   638.6   687.1   746.9   829.3   945.2  1230.4  2837.8 11426.5  40012.2    40000
read      509.0   313.9   160.7   231.2   254.3   458.8   565.6   629.8   681.6   740.5   815.5   927.6  1165.9  3041.3 11509.7  45014.4    45000
read      515.6   296.2   160.7   235.8   259.9   470.0   577.4   636.4   683.7   741.9   818.3   931.5  1173.4  2767.9 10563.3  49730.2    50000
read      528.9   339.0   160.7   239.5   266.3   482.2   584.6   647.0   696.2   756.0   835.4   953.2  1230.5  2937.0 13176.4  54956.3    55000
read      538.1   328.8   160.7   243.4   272.1   491.2   597.7   660.9   708.6   768.3   846.2   959.5  1265.8  3316.0 10963.8  60135.2    60000
read      607.1   438.3   173.5   269.2   309.3   549.9   664.2   733.3   786.0   851.1   936.7  1085.5  1472.2  4185.2 19006.6  65159.8    65000
read     1021.3   564.8   187.4   644.6   695.8   873.1   978.8  1171.1  1395.1  1505.6  1599.7  1714.0  1911.4  6940.1 21522.7  64464.4    70000
read      938.8   495.7   160.7   571.7   624.6   798.5   921.1  1173.4  1299.4  1388.1  1464.9  1564.7  1731.2  4950.1 18914.2  69532.0    75000
read      984.3   500.6   187.4   616.1   664.1   834.0   940.2  1245.3  1381.4  1460.6  1541.5  1634.1  1821.3  5112.9 17384.2  66901.8    80000
Warning! Detected max cpu usage > 95%
CPU Usage Stats (avg/min/max): 73.60%,4.06%,100.00%