#type       avg     std     min      p5     p10     p50     p67     p75     p80     p85     p90     p95     p99    p999   p9999     QPS   target
read      544.1  1338.3   187.4   263.6   290.1   414.3   461.1   486.5   504.0   529.3   562.7   630.5  4299.1 28919.3 32225.2   4964.8     5000
read      554.0   939.0   187.4   244.9   269.3   477.3   562.7   607.5   639.1   678.9   730.1   814.2  2829.7  8533.1 36253.0   9990.0    10000
read      585.6   919.0   173.5   236.7   258.8   492.8   598.2   661.3   706.2   758.3   825.6   930.3  2594.3  8790.5 32162.9  14999.6    15000
read      623.5   816.5   173.5   242.6   271.4   542.8   650.6   722.2   779.2   845.7   922.9  1040.5  1997.3  8020.4 31867.4  19992.8    20000
read      596.1   766.0   173.5   238.2   263.2   495.7   626.1   712.8   781.7   857.5   937.1  1058.9  1821.7  7741.4 32159.6  24843.0    25000
read      692.1   987.8   173.5   244.9   274.8   577.4   698.2   772.9   832.6   906.0   999.5  1162.7  4475.1  9477.1 32372.2  30038.0    30000
read      646.1   874.3   173.5   242.2   267.2   526.9   660.6   748.1   821.2   902.8   998.8  1155.7  2478.7  8894.9 31834.0  34929.2    35000
read      694.4  1006.0   173.5   245.4   272.1   554.6   697.0   793.5   864.9   942.9  1046.9  1248.7  3968.3  9854.9 35550.9  39954.5    40000
read      685.0   809.1   173.5   251.1   283.0   578.5   726.4   816.4   881.6   959.9  1063.4  1259.5  2231.4  8664.8 31761.9  44807.2    45000
read      891.3   853.8   173.5   295.4   364.5   807.5   956.3  1025.6  1081.4  1167.1  1401.3  1832.7  2555.1 10473.6 31698.8  49816.6    50000
read      899.9   859.7   173.5   316.3   391.6   819.0   939.6  1008.7  1077.1  1205.7  1479.6  1763.5  2438.5  8953.1 31866.9  54733.3    55000
read     1388.2  1098.1   187.4   967.2  1022.5  1169.4  1244.1  1288.0  1376.1  1991.2  2188.0  2338.8  3115.9 17560.6 32818.9  48829.4    60000
read     1318.7   991.5   187.4   900.1   950.6  1095.6  1170.9  1245.0  1442.6  1939.9  2079.3  2197.3  3052.5 12855.7 32183.2  51041.6    65000
read     1274.8   889.3   202.4   867.9   915.7  1082.3  1161.4  1235.0  1409.9  1865.0  2007.9  2155.2  2534.5 11135.5 32492.7  52575.0    70000
read     1229.4   989.1   187.4   817.8   862.8  1007.8  1083.6  1169.1  1531.0  1790.9  1908.3  2027.2  3410.8 13386.6 31953.2  54651.0    75000
read     1285.9  1031.5   202.4   875.8   911.4  1063.8  1139.3  1204.7  1453.5  1881.6  1999.7  2143.4  3191.4 14030.0 32461.0  52309.8    80000
Warning! Detected max cpu usage > 95%
CPU Usage Stats (avg/min/max): 71.86%,1.00%,100.00%
#type       avg     std     min      p5     p10     p50     p67     p75     p80     p85     p90     p95     p99    p999   p9999     QPS   target
read      490.7   953.1   187.4   257.4   284.4   401.7   450.8   474.2   493.8   515.2   544.8   604.5  3085.6 13885.3 31999.5   5049.4     5000
read      544.6   972.4   173.5   241.1   264.8   464.5   547.5   590.0   621.5   657.9   705.6   786.9  3111.1 10341.8 31904.9  10113.4    10000
read      597.3   984.8   173.5   237.6   262.4   497.7   605.9   669.1   715.7   769.8   836.1   934.9  3128.0  8507.9 36518.4  15082.0    15000
read      608.6   923.8   173.5   236.8   261.5   499.6   617.9   692.9   752.0   816.2   889.6  1005.2  2974.5  8852.1 31958.8  19960.4    20000
read      631.7   909.6   173.5   238.0   265.3   527.3   641.2   722.3   782.9   853.0   937.5  1070.3  2663.9 10438.4 35365.2  24979.2    25000
read      690.5   963.1   173.5   241.8   270.2   575.5   698.2   778.0   838.8   912.2  1009.0  1179.2  3889.7 11834.2 32056.3  29984.4    30000
read      641.1   849.2   173.5   239.0   264.0   523.9   662.7   755.1   824.7   903.3   995.8  1150.8  2671.1  9190.8 32089.1  34835.8    35000
read      671.5   883.6   173.5   244.5   271.4   544.0   687.5   782.4   850.9   928.2  1028.2  1214.8  3452.9  9229.0 31674.9  40087.5    40000
read      738.2   831.7   173.5   255.2   294.0   626.5   785.0   873.1   936.6  1015.4  1134.2  1366.8  2832.1  9189.6 31360.9  44971.2    45000
read      692.9   847.7   173.5   247.3   281.1   577.2   736.2   821.7   882.5   958.8  1068.1  1304.0  2732.0  7930.3 31766.1  49983.6    50000
read      856.1   903.6   173.5   290.4   356.8   759.6   890.0   964.3  1029.0  1157.4  1401.5  1674.5  3079.7 10529.2 32120.3  54777.2    55000
read     1289.8   991.9   187.4   877.4   919.8  1079.3  1157.0  1226.7  1402.0  1889.9  2020.3  2160.7  2838.5 13906.6 32190.3  52197.4    60000
read     1141.2   817.6   187.4   745.6   784.7   941.9  1021.1  1155.3  1527.1  1666.6  1773.1  1894.5  2504.8 10840.7 31041.8  58303.7    65000
read     1147.4   877.1   187.4   756.9   797.5   939.8  1017.1  1142.8  1548.2  1685.8  1787.2  1891.8  2579.7  9669.1 35254.9  58167.6    70000
read     1183.1   918.2   187.4   775.9   820.3   970.9  1054.3  1160.7  1565.5  1728.5  1833.1  1969.5  3114.4 12815.6 30786.0  56733.6    75000
read     1219.7   866.7   187.4   814.3   860.7  1017.2  1093.5  1178.7  1570.1  1793.4  1917.6  2036.0  2687.5 11330.1 31753.9  54778.6    80000
Warning! Detected max cpu usage > 95%
CPU Usage Stats (avg/min/max): 71.90%,0.51%,100.00%
#type       avg     std     min      p5     p10     p50     p67     p75     p80     p85     p90     p95     p99    p999   p9999     QPS   target
read      505.9  1207.6   187.4   260.9   286.2   407.0   453.5   478.3   497.2   519.2   547.4   608.3  3227.2 28537.3 36540.8   4965.8     5000
read      599.3  1173.1   173.5   241.7   268.4   485.6   569.0   616.6   650.5   690.6   745.4   849.4  4138.6 18476.7 36808.3  10013.8    10000
read      598.0  1054.9   173.5   235.7   258.2   482.1   590.1   658.0   707.0   763.3   831.3   934.9  3471.5 12457.3 32417.1  14933.6    15000
read      633.6   950.6   173.5   240.4   269.0   519.4   635.7   713.5   772.9   842.9   927.4  1071.2  3256.2 11081.0 32226.4  20159.6    20000
read      665.9   993.5   173.5   238.8   266.1   553.3   671.5   747.9   810.0   882.1   972.4  1127.8  3303.4 10997.4 33656.9  25129.3    25000
read      680.1   991.5   173.5   236.4   264.2   568.8   698.8   778.4   837.6   907.9   997.4  1155.4  3045.7 10378.8 32209.8  30094.4    30000
read      719.5   964.7   173.5   242.3   274.8   621.8   755.1   830.7   884.4   951.8  1056.6  1233.0  3096.4  9493.2 32406.0  35006.6    35000
read      676.1   891.1   173.5   243.1   270.2   556.6   705.3   798.0   866.3   945.5  1054.6  1245.3  2406.8  8662.9 31883.5  39915.8    40000
read      774.3   919.3   173.5   255.1   294.7   651.7   824.4   915.6   979.5  1056.6  1167.6  1473.0  3698.5  9234.4 31885.8  44980.4    45000
read      741.3   860.1   160.7   249.5   290.0   629.4   808.0   895.9   955.9  1031.4  1151.1  1438.7  2307.6  8707.8 31889.4  49931.8    50000
read     1200.0   899.8   173.5   721.8   837.5  1028.1  1093.7  1161.5  1269.2  1758.0  1927.1  2067.5  2943.4 10403.9 31650.6  53537.8    55000
read     1349.6   980.0   187.4   949.6   993.9  1151.7  1224.6  1273.9  1359.0  1908.3  2128.9  2299.9  2943.4 12659.1 32128.3  49805.2    60000
read     1356.9  1042.1   187.4   945.4   981.2  1136.5  1204.9  1269.7  1393.3  1966.6  2127.3  2290.0  3414.9 16066.9 32307.6  49710.7    65000
read     1257.4   973.8   187.4   846.5   890.7  1041.0  1105.2  1181.2  1459.1  1833.5  1964.6  2110.8  3473.7 13789.9 32016.3  53493.0    70000
read     1344.7  1090.6   187.4   918.7   965.4  1127.9  1195.9  1263.4  1373.7  1932.5  2099.4  2261.8  3552.0 15678.1 33700.2  50249.4    75000
read     1328.0  1056.7   202.4   914.6   961.0  1114.5  1179.5  1248.3  1351.5  1908.5  2084.1  2234.6  3227.8 15824.2 32322.3  50894.4    80000
Warning! Detected max cpu usage > 95%
CPU Usage Stats (avg/min/max): 73.30%,1.01%,100.00%