#type       avg     std     min      p5     p10     p50     p67     p75     p80     p85     p90     p95     p99    p999   p9999     QPS   target
read      429.6   530.7   187.4   258.7   283.7   388.2   424.6   445.1   461.8   481.4   505.9   548.9  1393.0  8311.4 24869.9   4976.8     5000
read      482.7   497.3   173.5   249.5   275.8   452.2   518.0   547.9   571.6   596.9   637.1   713.1  1102.1  5918.8 16250.9  10064.2    10000
read      515.6   487.6   173.5   246.1   274.8   485.6   565.8   607.2   636.4   674.7   728.1   820.2  1082.9  5699.0 26890.9  14885.6    15000
read      545.6   489.4   173.5   244.8   275.4   509.4   593.8   645.6   686.1   736.1   803.1   914.5  1191.3  5665.3 28134.5  19981.0    20000
read      555.3   333.2   173.5   246.4   278.9   527.8   616.5   668.2   709.2   763.4   844.5   969.4  1218.5  3560.2 12291.5  25051.6    25000
read      550.2   334.9   173.5   240.6   270.0   520.7   615.7   670.6   713.4   766.9   842.0   957.5  1213.5  3449.3 11963.7  29952.2    30000
read      539.9   308.8   173.5   238.6   265.9   503.5   606.4   663.3   707.4   764.1   844.5   966.5  1230.9  2862.1  9364.9  34926.2    35000
read      528.7   409.1   173.5   234.9   259.7   485.6   590.4   649.9   695.8   755.9   833.3   944.8  1192.9  3247.3 15061.4  40012.8    40000
read      539.5   332.8   160.7   235.3   261.7   500.2   606.4   664.6   710.0   768.9   847.5   968.9  1263.3  3219.1 12472.4  44780.6    45000
read      526.9   382.8   173.5   237.1   262.0   476.5   584.9   648.6   699.1   760.7   840.1   954.2  1192.4  3276.1 16599.0  49958.4    50000
read      536.9   353.6   160.7   238.8   266.6   497.3   599.9   658.2   702.3   759.4   835.0   950.3  1229.4  3376.9 12891.1  54929.0    55000
read      536.4   330.9   160.7   249.6   277.6   486.1   589.7   653.9   705.6   768.8   850.7   966.8  1231.4  2894.7 12814.3  59909.2    60000
read      677.7   471.7   160.7   290.2   342.3   613.8   735.1   815.1   881.4   968.1  1087.1  1260.8  1502.4  5233.9 18802.0  64999.0    65000
read     1002.7   529.6   173.5   616.5   670.5   856.5   963.2  1217.7  1390.2  1481.7  1568.0  1675.7  1870.3  7178.7 19233.0  65289.8    70000
read     1005.9   499.2   187.4   633.8   685.8   855.0   946.1  1226.1  1402.4  1498.7  1584.4  1693.1  1871.1  5982.4 17606.9  65401.2    75000
read     1013.2   518.1   187.4   628.3   682.7   863.0   971.4  1258.0  1410.9  1506.3  1588.5  1694.4  1873.4  4528.2 20798.3  65048.2    80000
Warning! Detected max cpu usage > 95%
CPU Usage Stats (avg/min/max): 78.19%,4.02%,100.00%
#type       avg     std     min      p5     p10     p50     p67     p75     p80     p85     p90     p95     p99    p999   p9999     QPS   target
read      440.1   617.2   187.4   262.8   288.5   395.4   433.8   455.7   469.8   490.1   512.9   556.5  1073.5 10597.1 18622.4   5032.1     5000
read      471.9   426.9   173.5   247.2   273.6   450.1   516.8   546.6   569.4   593.3   631.1   689.8   959.2  5626.9 15064.5  10004.8    10000
read      500.7   394.9   173.5   244.9   273.3   476.2   555.7   594.7   624.3   658.3   702.3   785.0  1039.5  5856.0 15392.2  14914.2    15000
read      516.1   376.9   173.5   242.7   268.2   467.4   571.8   627.8   670.6   720.2   784.8   878.2  1174.5  5378.5 13067.2  19949.0    20000
read      529.0   383.7   173.5   239.8   266.6   496.6   591.6   641.6   679.7   724.5   787.0   897.3  1155.4  5359.9 11880.5  24887.4    25000
read      510.8   337.9   173.5   234.2   258.1   456.7   570.8   634.3   684.5   741.6   813.8   911.8  1100.1  4159.5 12305.4  29828.2    30000
read      531.6   374.6   173.5   236.2   261.4   495.7   595.9   651.9   692.9   743.7   811.6   927.0  1215.8  3742.7 14276.4  34826.6    35000
read      509.7   346.8   173.5   234.7   257.8   463.9   570.8   629.0   675.1   732.0   806.7   915.3  1109.9  2526.8 13948.4  40015.6    40000
read      508.8   317.7   173.5   232.6   256.0   460.7   569.9   631.6   679.8   737.2   812.1   919.9  1127.4  3066.1 11526.5  44883.6    45000
read      534.1   315.1   173.5   237.8   263.7   498.2   603.3   659.9   702.9   755.3   828.0   944.4  1229.9  2678.8 11950.9  50074.3    50000
read      512.0   299.8   173.5   236.2   260.2   464.5   572.3   635.3   682.1   738.4   810.6   921.7  1148.8  2747.1 10079.7  54843.8    55000
read      512.0   348.9   160.7   236.6   261.1   459.1   566.7   630.0   678.8   735.9   807.9   916.4  1162.4  3273.8 13686.5  60066.4    60000
read      554.2   304.5   173.5   258.7   293.0   516.8   618.1   676.8   722.7   777.6   848.0   956.6  1200.2  2322.0 12364.1  64994.2    65000
read      575.8   316.8   173.5   270.2   308.6   528.4   634.7   701.4   751.8   811.4   888.9  1005.3  1267.1  3161.8 11783.7  69939.6    70000
read      613.5   340.5   173.5   292.7   336.4   559.9   674.0   748.6   803.4   866.9   948.6  1068.2  1281.3  3687.6 13152.1  74969.3    75000
read      948.5   500.2   173.5   587.3   630.0   795.0   931.0  1240.3  1330.8  1401.4  1467.5  1561.2  1730.9  5124.6 18244.5  69472.4    80000
Warning! Detected max cpu usage > 95%
CPU Usage Stats (avg/min/max): 72.50%,1.01%,100.00%
#type       avg     std     min      p5     p10     p50     p67     p75     p80     p85     p90     p95     p99    p999   p9999     QPS   target
read      420.0   439.5   187.4   259.3   283.3   386.2   425.9   446.4   460.9   477.8   503.2   542.1  1054.2  6516.6 16930.7   4985.2     5000
read      467.4   540.5   173.5   246.1   272.3   441.5   510.5   540.4   562.0   587.3   623.7   681.2   904.3  6141.4 31691.8  10073.2    10000
read      512.0   311.6   173.5   245.2   276.1   490.9   570.6   611.1   639.6   675.6   723.3   811.0  1072.6  4581.8 12252.7  14931.4    15000
read      532.7   362.1   173.5   242.2   270.8   502.7   588.4   638.9   676.8   722.9   787.7   899.9  1151.7  5843.6 13266.4  19964.4    20000
read      553.4   474.9   173.5   242.4   272.3   520.3   611.5   663.9   702.7   752.3   828.6   950.9  1195.9  5518.7 24879.6  24910.8    25000
read      556.4   345.3   173.5   245.1   275.8   529.2   623.4   677.1   717.8   770.0   849.9   982.5  1224.1  2473.1 12644.4  29971.0    30000
read      550.5   354.6   173.5   245.8   273.7   513.1   617.0   672.6   715.5   771.6   848.0   971.3  1239.6  3757.8 11301.7  34905.4    35000
read      538.0   422.2   160.7   237.7   263.2   497.9   606.5   662.5   703.8   756.3   828.4   942.9  1237.1  3981.9 15682.8  39848.5    40000
read      542.0   337.5   160.7   238.7   265.1   505.3   610.9   667.0   709.9   764.0   839.7   964.1  1261.7  3241.6 13550.7  44795.5    45000
read      553.1   363.4   173.5   242.4   272.8   523.3   623.5   676.3   716.8   767.2   837.1   960.8  1278.1  2896.3 13757.8  50071.8    50000
read      546.7   334.2   173.5   242.1   272.6   509.8   611.4   668.1   712.6   768.9   842.7   966.0  1285.5  2729.8 12866.7  54924.8    55000
read      578.4   311.2   173.5   261.1   299.0   547.4   642.9   697.8   741.8   796.6   869.4  1002.7  1342.2  2327.5 10240.4  60264.4    60000
read     1002.3   505.4   173.5   615.0   667.6   859.9   978.5  1219.7  1377.2  1474.7  1567.0  1679.9  1866.8  5773.2 18053.4  63889.2    65000
read      992.1   518.4   187.4   627.1   673.8   843.2   938.8  1227.2  1383.0  1470.4  1555.6  1657.0  1841.3  4352.7 20051.8  65849.4    70000
read     1054.4   546.2   187.4   663.4   718.2   906.3  1002.0  1198.7  1440.8  1562.6  1662.3  1768.2  1981.9  6356.1 18908.5  62687.8    75000
read     1031.3   554.4   160.7   636.1   694.2   885.8   992.6  1231.4  1418.0  1527.3  1615.4  1720.6  1903.6  5904.9 21266.4  64020.2    80000
Warning! Detected max cpu usage > 95%
CPU Usage Stats (avg/min/max): 73.03%,2.01%,100.00%