Random waveform, random seed
Total number of intervals = 360 (46601, 57551, 74247, 45845, 89512, 96307, 6690, 8054, 33277, 52307, 95807, 47344, 99490, 14884, 59964, 69002, 57782, 69111, 78879, 78095, 9948, 41894, 95397, 94722, 51812, 48464, 29810, 14081, 54791, 45720, 77674, 72464, 91331, 76829, 12450, 98710, 11826, 74617, 93044, 79200, 68380, 45811, 86583, 71867, 45302, 87857, 9997, 18975, 39439, 57352, 47702, 41764, 93466, 35886, 15463, 17584, 39616, 92794, 45932, 36134, 90766, 73389, 58965, 83624, 26724, 30833, 13338, 21921, 57386, 51558, 56332, 5853, 96506, 22400, 34114, 59653, 70002, 41033, 68854, 42405, 29817, 42649, 47447, 29239, 16746, 96312, 83918, 36926, 5003, 66994, 38983, 86756, 36417, 11338, 41010, 51173, 41326, 40695, 83310, 65443, 90339, 26720, 57578, 54802, 37559, 13868, 86644, 45864, 21348, 18830, 74848, 70983, 93739, 71787, 30424, 85626, 48249, 23466, 87595, 74372, 57077, 81545, 52143, 8360, 53766, 18159, 99386, 72940, 24731, 62782, 12387, 97999, 33768, 34995, 43338, 46756, 15542, 6102, 15467, 81154, 35316, 19890, 22341, 80570, 8549, 85408, 79660, 95548, 74591, 20726, 15442, 42179, 36215, 28372, 79867, 61691, 17094, 70328, 9787, 95838, 5381, 55005, 30715, 31429, 58581, 7526, 90731, 55936, 15896, 76335, 72860, 6633, 7479, 72391, 11754, 93121, 43154, 80911, 40534, 35646, 52657, 95192, 74804, 87490, 28800, 49698, 50041, 17875, 78367, 36434, 6363, 23346, 62696, 87107, 46309, 98551, 95817, 39092, 31160, 11597, 18742, 13749, 91427, 70003, 59989, 14167, 80605, 13330, 77606, 61270, 63008, 14569, 94656, 89684, 37112, 5097, 31893, 75216, 82094, 53208, 38167, 65479, 32039, 48546, 77503, 43743, 5641, 47397, 43698, 12190, 12327, 38512, 60192, 6176, 19191, 66648, 16609, 80578, 39780, 94059, 23112, 23672, 38799, 42936, 24354, 5606, 27274, 62174, 63926, 57264, 93437, 27501, 62611, 87261, 74638, 52626, 45815, 57513, 12626, 27551, 61042, 29028, 80136, 18104, 27567, 44603, 19147, 75769, 63022, 64295, 88937, 22269, 19074, 94758, 98082, 9980, 13450, 97323, 78286, 91494, 60953, 64769, 65928, 73595, 10879, 15951, 51298, 50931, 63781, 85808, 60668, 25661, 24547, 20429, 62609, 50931, 55693, 15835, 87356, 50601, 33170, 56619, 90702, 49836, 83529, 48647, 53905, 79874, 89216, 52739, 42991, 92682, 74803, 73997, 14760, 75787, 89696, 50193, 14590, 58694, 97864, 35585, 81062, 11512, 11317, 64435, 56423, 18025, 31245, 9790, 46608, 87166, 86399, 19131, 7624, 38097, 27259, 85844, 10774, 63280, 32480, 56720, 74999, 41951, 96963, 5389, 90227, 35880, 6590, 41358, 6103, 32563, 16249, 23684, 46855, 58853, 14980, 70284, 33874, 21038)
Average QPS expected = 50312
Timestamp start: 1653232951704
Timestamp end: 1653234752440

#type       avg     std     min      p5     p10     p50     p67     p75     p80     p85     p90     p95     p99    p999   p9999      QPS   target
read      397.9   407.0    68.9   121.8   137.1   257.1   346.0   436.3   567.3   796.4   967.6  1136.1  1401.9  4272.2  7813.7  46318.6    46601
read      380.9   399.3    74.4   118.7   132.9   245.7   321.7   390.4   454.6   634.3   991.8  1229.7  1546.9  2913.1  9412.6  57381.0    57551
read      308.2   287.6    74.4   120.6   135.2   263.5   333.4   375.8   407.6   445.6   494.4   577.4  1197.4  3336.2  9226.6  74277.0    74247
read      379.4   428.6    68.9   119.3   134.5   258.8   348.7   421.8   491.9   664.0   904.3  1079.7  1341.2  3084.9 13528.0  45630.0    45845
read      309.8   323.3    74.4   122.3   137.3   259.6   326.4   369.0   401.9   442.5   496.0   591.1  1341.6  2593.1 15077.7  89725.2    89512
read      295.6   323.9    74.4   121.5   136.5   259.2   323.4   362.5   392.0   427.7   474.2   547.2   755.9  3609.0 14214.5  96204.0    96307
read      351.5   971.7    93.8   145.5   168.2   269.0   309.4   332.5   349.6   371.2   398.5   450.5  2240.7 12825.7 36697.5   6645.0     6690
read      356.9   898.9    80.4   142.3   166.1   283.0   333.2   362.7   382.7   403.6   432.9   482.6  1565.6 11164.0 30263.2   7877.0     8054
read      410.8   638.9    74.4   120.8   136.8   282.4   399.7   494.7   593.7   707.2   835.4   972.5  1330.5  7433.4 31727.0  33280.4    33277
read      387.5   414.9    74.4   119.3   134.2   254.6   341.5   413.9   491.6   697.2   968.4  1163.8  1478.8  2942.9  8606.3  52260.0    52307
read      312.5   307.1    74.4   122.3   137.4   260.3   327.2   369.2   401.5   441.7   495.4   588.5  1426.9  3308.3  9288.4  95582.2    95807
read      398.8   559.5    74.4   121.1   136.9   264.9   361.9   438.9   527.2   709.8   914.8  1101.5  1403.5  5960.3 17505.6  47152.4    47344
read      340.6   390.2    74.4   126.1   142.2   269.2   336.0   379.1   413.7   457.3   517.9   643.6  1781.7  4540.8 10455.3  99561.4    99490
read      374.1   824.5    80.4   125.2   142.2   306.1   381.3   425.4   456.7   492.8   539.8   617.4  1029.3 10135.4 32055.7  14945.8    14884
read      401.8   456.5    74.4   121.5   136.9   261.2   345.7   414.6   483.2   633.5   997.3  1292.3  1694.7  3961.4 14445.6  60211.0    59964
read      309.3   322.3    74.4   120.8   135.6   265.0   334.6   376.5   407.7   445.5   493.1   572.5  1163.0  3353.3 10861.0  69073.6    69002
read      304.9   227.1    74.4   120.6   136.0   273.7   343.9   385.8   415.4   449.6   492.2   558.2   788.3  3080.9  6820.6  57653.8    57782
read      303.9   479.6    74.4   120.1   134.9   264.6   331.7   371.4   401.0   436.0   479.4   543.6   768.6  4219.2 21680.5  68865.8    69111
read      298.8   329.7    74.4   121.7   136.7   261.4   329.1   370.0   400.4   436.1   481.2   548.5   756.5  3101.4 11854.7  79069.4    78879
read      299.9   230.3    68.9   122.3   137.2   264.7   334.0   375.8   406.4   442.3   488.3   559.0   806.6  2749.4  5947.4  78216.4    78095
read      367.4   926.1    80.4   135.5   156.6   289.5   347.9   381.7   404.2   434.5   471.4   544.2  1421.6 12983.9 35329.9   9855.0     9948
read      408.2   519.0    74.4   122.5   138.8   274.0   385.7   471.8   588.5   760.1   918.9  1088.2  1378.8  5099.2 20561.4  41839.8    41894
read      329.9   325.6    74.4   125.5   141.7   271.9   341.7   385.1   418.7   460.4   517.7   627.0  1587.6  3348.8  8493.4  95500.8    95397
read      300.4   422.7    68.9   121.3   136.4   259.4   324.6   364.5   394.7   431.0   477.9   549.9   750.5  4764.0 14788.1  94891.2    94722
read      378.7   398.7    74.4   120.1   134.9   261.4   343.3   406.8   462.7   573.3   895.9  1154.2  1470.6  4065.6  9407.6  51711.0    51812
read      397.5   427.1    74.4   119.8   135.0   263.5   354.7   428.0   506.5   719.8   976.9  1166.9  1468.1  4235.9 10090.4  48281.2    48464
read      403.6   558.8    74.4   122.2   138.3   292.3   408.9   505.4   592.8   687.3   797.3   920.0  1243.9  7309.1 26924.8  29716.4    29810
read      376.6   738.3    80.4   125.7   144.7   307.0   383.6   428.0   459.3   493.6   538.5   611.8  1261.8 12572.4 31220.3  14071.8    14081
read      401.2   436.1    74.4   120.4   135.2   259.0   341.5   409.8   478.6   662.4  1035.2  1294.6  1674.9  3372.7  8862.2  54773.2    54791
read      407.3   521.4    74.4   120.8   136.9   268.5   369.5   448.9   545.8   749.0   954.6  1136.3  1442.9  6063.8 13857.5  45849.4    45720
read      307.9   295.1    74.4   119.5   134.0   256.1   322.4   364.5   396.2   434.3   485.0   578.0  1414.9  3304.7  7629.7  77659.8    77674
read      291.4   226.9    68.9   119.3   133.7   259.7   325.9   366.5   395.5   429.5   470.2   532.0   725.2  3156.7  7631.5  72735.4    72464
read      291.7   286.6    74.4   120.2   134.7   254.5   319.7   359.3   388.7   423.9   468.7   536.8   739.5  3203.5  9887.8  91618.0    91331
read      296.7   293.5    68.9   120.0   134.3   259.9   327.4   367.7   397.3   432.6   475.1   541.6   782.2  3850.3  9415.3  76897.8    76829
read      357.3   788.1    80.4   128.0   146.5   294.4   361.7   400.6   429.7   463.4   505.9   578.5  1024.0  8123.1 32010.3  12533.4    12450
read      344.2   410.1    74.4   125.8   142.0   272.3   340.9   386.0   421.2   465.2   528.2   678.9  1747.9  3488.5 12237.7  98529.8    98710
read      363.5   853.1    80.4   127.4   145.5   291.5   357.2   394.2   421.1   451.7   489.2   554.1  1469.6 12091.1 35549.8  11889.6    11826
read      309.5   334.4    68.9   119.3   133.6   255.0   321.7   363.6   394.9   432.1   481.9   576.8  1451.9  3930.6 10321.5  74492.8    74617
read      290.3   301.7    74.4   120.0   134.2   253.7   318.0   357.7   387.0   421.8   465.4   533.9   741.7  3172.7 12943.9  92639.0    93044
read      297.0   230.5    74.4   121.1   135.7   263.3   331.6   372.0   401.7   436.8   480.9   547.5   781.5  2777.8  6165.1  79237.0    79200
read      286.8   298.5    74.4   117.7   131.6   256.5   320.1   359.0   386.8   419.1   458.6   512.7   658.8  3110.5  8069.7  68138.4    68380
read      383.7   437.4    74.4   120.1   135.3   262.8   357.1   428.6   501.7   670.9   888.7  1072.9  1351.5  4500.4 10984.4  45897.0    45811
read      311.0   335.2    74.4   121.4   136.5   256.7   324.6   366.4   397.5   436.1   490.1   588.4  1457.8  3094.4  9223.4  86742.2    86583
read      291.0   279.8    74.4   118.9   133.0   258.0   322.9   363.1   392.4   426.4   467.9   531.1   745.2  2784.7 12200.7  71917.4    71867
read      383.6   468.3    74.4   120.2   135.8   263.5   357.4   427.7   497.4   640.2   873.8  1061.8  1374.1  4396.6 14014.8  45411.2    45302
read      301.4   344.1    74.4   119.8   133.9   252.5   317.7   357.1   386.8   423.4   469.5   546.9  1406.8  3133.9 13135.1  87990.6    87857
read      358.7   846.3    80.4   131.3   149.5   281.1   339.4   374.3   400.8   433.8   474.5   542.1  1876.7  9062.8 36763.4  10017.2     9997
read      394.1   854.6    74.4   121.1   137.2   304.1   393.6   455.7   501.6   550.0   609.6   722.9  1186.1 11437.2 31901.2  18998.2    18975
read      393.8   502.0    74.4   119.3   134.5   262.1   365.4   447.8   566.2   745.6   883.2  1014.8  1271.5  8116.7 16534.7  39593.6    39439
read      387.5   404.3    74.4   119.7   134.2   253.9   333.3   400.5   465.6   654.9   994.6  1230.6  1570.9  2875.8  7611.6  57249.8    57352
read      409.5   585.3    74.4   119.9   135.1   261.6   353.2   430.9   528.0   768.8   974.6  1161.9  1518.2  6336.0 19838.4  47732.0    47702
read      388.2   398.1    74.4   119.1   134.5   260.4   359.1   434.4   539.1   756.1   922.9  1072.2  1321.9  4039.1 10273.9  41847.4    41764
read      307.5   324.5    74.4   120.6   135.4   258.4   324.1   364.7   395.7   433.4   483.9   572.6  1319.6  3175.6 12274.6  93489.6    93466
read      380.5   461.3    74.4   119.5   135.1   270.4   378.0   454.5   543.4   670.3   811.3   946.1  1181.3  5628.8 12881.3  35950.6    35886
read      375.3   906.6    80.4   122.1   139.5   300.6   374.7   419.7   450.3   483.2   523.4   592.6  1007.0 10481.3 35220.0  15466.0    15463
read      372.1   668.5    80.4   121.1   137.5   303.0   387.8   444.0   485.3   531.0   589.2   694.3  1011.3  8548.7 33061.0  17587.4    17584
read      383.4   335.8    74.4   119.6   134.7   262.6   367.7   453.9   578.3   741.8   878.3  1015.1  1274.0  2691.3  7399.8  39466.4    39616
read      332.0   364.8    74.4   122.2   137.8   267.4   336.5   379.8   414.0   457.8   518.4   653.6  1842.5  3108.3 11050.7  92604.6    92794
read      382.2   500.3    74.4   118.8   134.2   261.7   347.7   413.0   470.1   609.8   892.0  1094.4  1392.7  5424.7 13755.5  45988.8    45932
read      407.4   612.7    74.4   122.6   138.5   274.3   387.7   478.6   592.9   729.8   855.7   989.2  1282.4  8441.2 27141.0  36159.2    36134
read      308.8   295.8    74.4   123.0   138.1   257.8   324.3   365.4   397.0   435.3   485.9   575.6  1409.9  3633.6  7525.7  90530.8    90766
read      293.2   331.5    74.4   121.6   136.2   259.5   324.3   363.4   392.0   425.2   465.1   525.2   695.0  3629.6 12054.3  73214.4    73389
read      291.6   269.8    74.4   117.9   132.4   261.4   325.7   365.4   394.3   427.6   467.0   525.8   719.1  3224.4  7802.2  59177.2    58965
read      300.9   349.2    74.4   120.3   135.0   262.9   331.6   371.6   400.8   436.2   482.5   553.5   791.3  3640.1 11538.5  83697.2    83624
read      375.6   563.0    74.4   119.3   135.5   290.1   388.5   454.6   518.3   589.1   683.0   807.0  1050.4  7181.7 29072.1  26805.2    26724
read      396.1   615.8    74.4   119.8   135.7   285.2   397.4   490.9   576.9   681.2   793.3   912.5  1155.9  8895.9 29091.3  30589.0    30833
read      371.7   811.9    80.4   125.4   143.8   298.8   371.7   412.2   440.6   472.4   513.6   586.4  1496.8  8979.3 32424.5  13241.4    13338
read      383.7   592.6    74.4   120.1   136.0   300.8   399.4   474.3   530.3   588.9   672.6   789.8  1098.4  8605.1 30337.6  21967.2    21921
read      392.2   447.3    68.9   119.1   134.1   255.6   338.2   404.6   470.3   639.9   993.3  1235.2  1586.2  3958.7 11989.9  57419.8    57386
read      401.9   498.3    74.4   119.3   134.3   261.9   350.3   423.4   503.1   713.2   978.0  1192.8  1543.5  4937.0 14675.4  51457.4    51558
read      391.0   410.0    74.4   119.4   134.5   257.5   341.6   410.2   481.9   665.8   984.8  1212.2  1544.6  3372.7 11870.2  56200.8    56332
read      354.6  1113.8    86.8   150.5   174.3   261.3   300.2   323.6   339.7   359.4   386.4   439.0  2661.2 16353.9 35842.2   5961.4     5853
read      323.0   301.1    74.4   124.3   140.1   268.8   338.6   381.0   414.3   456.2   513.1   621.1  1484.1  3213.2  8331.4  96322.6    96506
read      379.0   689.9    74.4   121.1   136.9   301.0   395.0   457.2   508.7   570.3   639.6   756.7  1008.6  9361.2 31787.0  22568.4    22400
read      402.4   434.1    74.4   121.4   137.5   279.3   396.4   497.9   620.1   754.0   868.0   996.7  1279.9  4676.7 11739.6  33982.6    34114
read      399.9   467.3    74.4   120.3   135.0   257.6   340.3   405.4   467.5   614.9  1013.0  1297.4  1706.4  4841.9 12508.6  59538.6    59653
read      321.2   342.1    74.4   122.8   138.2   277.7   351.7   394.6   426.0   463.5   512.6   594.7  1062.9  3714.5 13434.5  69907.0    70002
read      399.9   481.4    68.9   120.5   136.3   272.1   375.0   454.5   548.9   724.1   900.6  1074.2  1385.6  5239.6 10671.1  40903.2    41033
read      314.6   358.7    74.4   120.1   134.7   268.4   339.4   380.5   411.3   448.1   495.9   578.6  1280.1  3511.8 11057.8  69014.4    68854
read      402.9   509.9    74.4   121.2   137.7   274.8   371.8   446.1   532.4   716.9   925.0  1099.4  1406.0  5187.4 14569.9  42436.8    42405
read      395.3   530.9    68.9   119.6   135.1   286.9   401.6   500.4   584.2   679.4   778.1   890.0  1174.2  6630.0 15490.6  29881.2    29817
read      404.7   493.5    74.4   121.3   137.4   269.8   372.5   459.0   575.8   771.3   927.2  1087.5  1377.8  5188.2 12906.6  42501.0    42649
read      400.6   474.9    74.4   119.8   135.4   263.8   354.5   429.1   519.9   758.6   970.3  1150.0  1433.4  4883.8 14146.8  47519.8    47447
read      403.5   659.7    74.4   120.4   136.0   289.2   402.2   501.8   587.4   685.1   780.4   896.1  1250.9  9136.4 31116.7  29189.8    29239
read      379.9   829.2    74.4   124.4   141.0   307.5   389.5   441.5   476.0   515.3   562.0   641.4  1017.2  9413.7 35789.5  16695.2    16746
read      323.7   367.9    74.4   123.8   139.9   268.7   336.7   378.7   412.5   454.8   511.1   619.0  1456.9  3542.6 11575.7  96386.0    96312
read      290.8   273.6    74.4   119.1   133.2   257.2   323.0   361.2   389.8   424.2   467.5   533.8   745.0  3296.7 10563.4  84104.0    83918
read      398.3   569.7    74.4   120.4   136.3   272.9   377.6   457.2   555.3   713.1   854.6  1009.1  1300.6  5412.1 30393.9  37137.6    36926
read      348.3  1107.0    86.8   153.9   176.8   254.2   287.6   310.0   326.8   344.6   369.4   424.2  2702.5 15637.2 36521.8   5020.2     5003
read      319.8   342.8    74.4   121.2   136.0   268.0   338.4   380.8   412.6   451.6   503.5   601.8  1366.7  3440.8 10222.4  66886.0    66994
read      397.4   422.0    74.4   119.7   135.8   274.6   380.6   463.6   565.8   737.0   891.8  1040.9  1331.3  4337.0 11262.0  39147.6    38983
read      304.6   369.5    74.4   119.8   134.2   257.2   324.2   364.1   393.6   429.3   477.4   558.6  1259.7  3115.5 13274.3  86816.4    86756
read      385.3   487.7    74.4   119.2   135.1   270.9   377.4   453.9   542.7   684.5   818.3   956.4  1227.3  5551.6 15573.8  36311.4    36417
read      357.5   787.6    80.4   128.2   147.7   290.6   353.6   387.9   411.6   438.9   473.7   534.3  1643.2  9877.7 36698.7  11284.8    11338
read      397.4   412.6    74.4   121.5   137.6   268.1   367.2   448.6   570.3   767.3   920.8  1072.9  1344.8  4180.1 10301.5  40935.2    41010
read      403.9   520.1    74.4   119.5   133.9   259.7   343.1   411.7   481.6   706.5  1008.9  1232.0  1607.3  5522.2 15972.6  51335.6    51173
read      386.7   388.4    74.4   118.2   133.5   263.1   361.5   440.2   551.9   748.8   898.0  1040.8  1291.8  3968.3 10873.5  41409.8    41326
read      401.7   514.5    74.4   119.5   135.6   271.0   376.1   463.5   582.2   747.0   893.0  1048.7  1350.5  6090.6 10893.8  40625.4    40695
read      303.0   315.1    74.4   119.8   134.3   259.2   326.7   366.5   395.9   431.5   478.2   556.4  1150.8  3808.0 10066.0  83264.0    83310
read      290.7   278.1    74.4   117.2   131.4   260.6   326.0   364.6   392.7   425.7   465.6   524.5   707.9  3166.8  9423.1  65405.8    65443
read      283.9   272.5    68.9   118.5   132.1   250.5   316.1   353.6   381.6   415.4   458.1   520.0   693.9  3058.8  8422.8  90415.6    90339
read      387.5   655.1    74.4   119.6   135.7   294.6   395.5   464.7   526.6   595.1   698.9   813.6  1141.7  8986.6 30567.7  26739.0    26720
read      390.3   406.4    74.4   119.4   134.6   255.7   341.6   414.6   493.4   692.9   968.5  1186.9  1538.1  3188.3 11187.2  57485.6    57578
read      402.3   585.8    74.4   118.8   133.8   258.0   342.2   410.7   478.5   667.2   997.5  1229.0  1595.6  5634.8 17553.1  54834.4    54802
read      394.0   488.8    74.4   118.1   133.4   270.0   383.2   475.7   586.8   726.4   850.6   990.8  1251.4  5453.6 15733.2  37564.4    37559
read      365.6   434.9    74.4   127.4   145.2   312.2   386.5   433.0   466.3   507.6   564.5   674.3  1306.1  6256.5 17576.9  13971.0    13868
read      349.0   474.9    74.4   122.9   139.2   275.1   348.6   394.3   429.4   472.8   537.7   686.4  1851.4  4886.4 20705.4  86630.2    86644
read      399.9   382.0    74.4   121.0   136.6   272.6   370.5   452.1   544.9   733.9   938.5  1139.1  1443.2  3369.1  9358.0  45926.8    45864
read      385.5   495.7    74.4   122.2   138.6   314.3   416.4   487.8   540.1   597.7   691.4   800.4  1123.8  5536.1 16052.8  21443.0    21348
read      392.5   689.9    74.4   122.2   139.4   312.0   404.0   471.0   516.9   568.1   642.3   747.8  1090.7 10849.7 30280.6  18763.2    18830
read      315.7   304.6    74.4   120.0   134.3   260.7   330.0   372.2   403.6   442.3   493.8   593.3  1516.8  3652.1  8101.4  74751.2    74848
read      311.5   346.8    74.4   121.7   136.8   271.5   342.7   383.7   414.0   450.4   496.4   571.1   865.8  3908.9 15497.7  71024.6    70983
read      299.7   286.2    74.4   121.4   136.4   260.2   327.6   367.2   397.1   433.5   480.5   553.6   784.6  3836.7  9264.9  93950.6    93739
read      299.9   300.6    74.4   119.8   134.4   267.7   335.8   374.6   403.3   437.6   481.6   546.0   768.5  2813.3  9982.4  71562.6    71787
read      389.1   496.9    74.4   120.5   136.6   285.8   395.3   472.7   553.7   671.0   790.4   917.7  1233.3  5402.7 17094.8  30397.8    30424
read      322.1   394.9    74.4   123.3   138.6   269.0   340.9   384.8   418.1   458.3   511.2   610.8  1272.4  4834.6 12363.6  85475.4    85626
read      393.9   435.3    74.4   120.0   134.5   263.7   346.6   411.4   473.9   643.6   972.7  1185.5  1543.9  4735.1 10941.0  48190.0    48249
read      386.7   602.6    74.4   121.8   138.4   306.8   405.4   481.6   535.4   590.2   675.6   787.1  1071.2  8573.6 30165.7  23663.6    23466
read      325.6   415.2    74.4   121.7   137.0   263.5   333.1   375.2   406.6   447.0   500.9   612.6  1648.2  3731.5 15612.9  87634.6    87595
read      304.5   303.7    74.4   120.7   135.4   266.4   335.6   375.2   405.2   441.0   486.8   556.3   859.3  3376.8 12808.7  74480.0    74372
read      291.1   227.6    74.4   117.7   132.2   261.8   326.8   364.8   392.9   425.4   464.5   520.8   726.3  3218.3  7597.2  56988.6    57077
read      294.5   295.2    74.4   122.1   136.9   260.1   326.7   364.5   392.8   427.2   469.6   533.8   738.6  3663.4  7793.9  81454.0    81545
read      372.7   384.2    74.4   120.3   135.0   258.1   338.2   398.0   450.5   542.4   862.8  1159.4  1527.0  3032.8  9692.6  52329.8    52143
read      352.6   851.8    86.8   142.5   165.1   284.9   338.3   368.9   391.8   419.5   455.8   511.1  1087.6 11340.8 32260.3   8410.4     8360
read      408.4   618.8    74.4   119.2   132.8   252.1   332.0   393.9   451.6   588.9  1077.8  1360.0  1725.7  6186.1 25090.8  53806.4    53766
read      386.9   756.2    74.4   122.4   138.7   309.4   395.4   451.3   489.8   534.9   592.9   713.0  1476.3 10779.7 31661.3  18029.4    18159
read      370.2   444.2    74.4   127.5   144.8   278.8   350.2   397.4   435.0   486.7   567.8  1057.1  1794.0  3183.9 12670.9  99455.4    99386
read      306.2   351.1    74.4   119.9   134.7   263.5   330.0   368.5   397.6   433.2   479.3   549.3   910.6  4926.8  9969.3  73206.2    72940
read      367.0   452.7    74.4   120.8   136.5   298.4   395.5   461.3   516.7   578.2   666.9   781.7  1010.8  6130.6 14767.3  24667.4    24731
read      365.5   391.1    74.4   118.0   131.6   251.1   323.7   374.8   419.1   483.6   652.5  1318.0  1765.3  2965.6  7645.1  62749.2    62782
read      360.5   795.9    80.4   127.9   147.4   290.7   353.5   392.1   420.8   454.2   496.4   573.7  1420.0  9249.5 32004.0  12318.8    12387
read      331.4   364.3    74.4   123.0   139.0   268.7   336.2   377.4   410.6   453.6   512.9   642.7  1683.8  3620.4  9378.0  97915.2    97999
read      393.5   456.4    74.4   120.3   136.9   286.4   393.3   476.5   567.9   698.7   822.5   967.2  1257.1  4746.0 13995.8  33832.4    33768
read      385.2   339.0    74.4   117.0   133.4   273.2   385.4   487.2   607.9   732.0   843.0   966.2  1183.9  2647.2  9717.0  35057.6    34995
read      401.4   449.8    74.4   118.3   133.9   265.9   361.2   443.8   558.8   788.7   950.2  1105.7  1404.6  5145.7 10996.1  43315.8    43338
read      407.1   569.6    74.4   116.5   131.9   266.7   354.9   431.1   526.7   776.7  1013.9  1201.6  1538.0  3894.7 12040.7  46805.2    46756
read      370.3   564.7    80.4   123.6   140.7   307.5   389.4   443.8   486.0   532.6   587.2   694.0  1134.2  6511.0 30954.9  15633.2    15542
read      394.3  1359.7    93.8   151.7   177.5   276.5   318.4   341.8   359.8   380.9   409.2   476.9  2646.4 29514.0 37268.6   6177.2     6102
read      443.1  1248.3    80.4   125.2   142.5   315.6   400.3   457.2   498.2   544.7   603.8   724.5  2560.4 15426.6 36820.5  15500.0    15467
read      309.8   298.5    74.4   120.6   135.5   261.2   331.1   372.5   404.0   443.1   494.7   584.7  1297.1  2915.3 12301.0  81133.0    81154
read      388.4   465.7    74.4   120.4   136.3   279.4   384.4   461.7   548.5   683.2   818.8   958.5  1223.9  5695.1 11335.4  35264.8    35316
read      378.8   445.2    80.4   122.3   138.8   314.0   409.8   477.9   529.4   582.6   666.8   772.7  1077.3  4719.0 18086.0  19805.4    19890
read      381.9   484.0    74.4   121.3   137.5   304.9   402.4   480.1   541.8   607.0   703.6   806.8  1129.1  5806.9 15039.7  22181.4    22341
read      320.1   359.3    74.4   120.9   135.5   261.8   332.4   374.8   407.3   447.9   504.6   619.2  1543.6  2908.2 12353.8  80699.6    80570
read      349.7   769.9    80.4   139.1   160.4   279.0   329.8   357.2   377.4   403.1   438.6   504.9  1664.8  9372.1 31215.4   8519.2     8549
read      336.9   345.4    74.4   122.5   138.2   273.5   344.4   389.4   424.0   468.1   532.4   676.9  1768.0  3667.4  8564.7  85321.8    85408
read      303.3   348.9    74.4   120.5   135.2   265.7   334.6   374.6   403.5   439.0   485.3   552.6   794.0  3565.0 11471.0  79751.0    79660
read      295.9   226.9    74.4   121.9   136.9   262.1   329.0   368.6   398.5   435.2   485.5   563.0   771.8  2515.4  6169.5  95498.0    95548
read      301.3   288.5    68.9   120.1   134.6   266.0   335.4   375.3   404.4   440.6   486.9   554.9   780.0  3361.1 13282.1  74604.0    74591
read      372.4   532.3    74.4   122.4   138.5   307.6   397.7   460.2   510.5   565.7   642.0   754.9  1068.6  6356.2 29150.4  20594.6    20726
read      375.5   701.3    74.4   124.2   141.6   309.6   389.8   442.0   478.9   522.6   574.9   675.6  1081.7  9825.8 34755.3  15425.2    15442
read      399.1   501.0    74.4   120.3   136.4   267.6   369.3   451.8   558.2   751.6   914.2  1067.7  1353.5  5022.5 22469.0  42116.2    42179
read      393.9   516.6    74.4   119.2   135.1   270.0   380.4   466.4   584.1   727.1   851.1   980.3  1257.4  6566.4 16247.0  36192.8    36215
read      380.5   382.1    74.4   119.7   135.7   296.7   404.2   488.7   558.3   642.3   745.1   861.1  1098.1  5585.6 10575.3  28428.0    28372
read      301.5   269.6    74.4   118.9   133.0   254.1   319.7   359.3   389.1   426.5   473.6   557.5  1443.2  2605.9  7000.8  79918.4    79867
read      288.9   274.0    74.4   117.4   131.7   259.2   323.6   361.9   390.5   423.4   462.9   519.4   707.7  2640.5  9264.2  61652.2    61691
read      356.6   526.3    74.4   122.9   139.8   303.4   380.1   431.1   468.2   508.5   562.3   659.4   983.4  6717.5 30235.2  17102.4    17094
read      310.5   258.2    74.4   120.6   135.5   266.4   337.9   378.9   409.9   447.7   496.4   583.9  1252.0  2760.5  7157.0  70228.4    70328
read      349.0   834.9    86.8   133.1   152.8   274.5   331.2   363.0   386.4   415.0   455.4   526.6  1387.5  9425.7 31664.7   9848.6     9787
read      318.9   360.1    74.4   121.0   136.0   258.3   324.6   366.1   398.2   438.2   493.5   603.5  1704.8  3077.3 14298.8  95852.8    95838
read      354.9  1276.2    93.8   150.1   173.5   251.9   286.4   307.3   321.1   339.1   365.0   421.0  2847.5 29291.9 36937.7   5421.4     5381
read      403.8   400.5    74.4   123.2   139.6   267.9   353.3   424.3   496.3   677.2  1000.2  1265.6  1628.0  3130.0  8267.2  54820.0    55005
read      388.8   395.6    74.4   121.1   137.5   298.5   414.4   504.1   579.8   666.0   772.3   895.0  1142.1  4085.5 11674.5  30569.8    30715
read      386.9   408.8    74.4   119.9   136.0   286.5   402.3   496.7   580.8   683.1   787.1   908.0  1149.2  5305.5 14003.8  31509.6    31429
read      392.8   510.7    74.4   118.1   132.2   251.4   329.1   391.6   450.9   581.9  1010.9  1295.1  1692.0  4648.4 17087.5  58373.2    58581
read      358.4  1093.5    86.8   140.4   162.1   267.8   316.1   341.1   359.3   380.4   408.3   459.0  1841.7 15764.8 38080.6   7619.4     7526
read      321.8   347.3    74.4   121.3   136.6   264.3   333.2   374.9   407.3   448.0   501.1   611.3  1622.4  3296.8 12494.4  90498.4    90731
read      375.8   410.8    74.4   119.2   134.2   261.8   341.3   397.8   447.3   526.0   818.3  1212.2  1609.0  3270.8 12419.6  56074.8    55936
read      359.6   598.2    80.4   121.6   137.7   298.6   376.7   427.7   464.0   502.8   549.7   627.3   954.8  9163.2 24001.5  15900.4    15896
read      306.2   284.0    74.4   118.8   133.2   256.9   324.7   365.6   396.2   432.9   481.9   570.2  1433.2  2587.0  6861.4  76060.6    76335
read      290.6   253.4    74.4   118.2   132.4   259.2   324.1   362.9   391.5   425.3   466.8   527.5   726.8  3255.3  9133.4  72680.0    72860
read      350.9  1048.9    86.8   143.6   165.5   257.9   297.7   323.1   339.9   359.4   385.0   435.0  2819.8 12505.1 35587.4   6686.8     6633
read      330.8   799.1    80.4   143.0   165.8   267.3   314.7   341.5   359.3   379.0   405.0   456.6  1434.0  9408.7 39083.1   7465.2     7479
read      325.1   449.1    74.4   119.5   134.2   263.0   333.7   375.8   407.3   446.8   497.9   604.1  1645.6  4334.2 12907.5  72156.6    72391
read      329.4   387.7    80.4   129.0   148.6   295.1   360.4   395.6   420.3   448.6   483.8   541.0   826.1  7204.0 11993.3  11714.2    11754
read      325.1   356.9    74.4   123.0   138.5   264.0   334.3   377.9   411.8   453.6   510.2   631.9  1672.1  3398.9 11014.8  92854.4    93121
read      372.6   451.5    74.4   119.1   134.7   264.5   359.6   426.8   491.6   623.1   832.3  1008.3  1260.8  3388.8 14926.7  43171.8    43154
read      301.9   308.8    74.4   119.5   133.8   256.7   324.2   364.6   394.0   429.5   475.5   550.1  1237.4  3109.2  9593.9  81092.8    80911
read      364.8   326.0    74.4   119.1   134.6   260.3   355.1   418.6   479.0   614.2   844.6  1013.2  1258.3  1945.8  8696.4  40577.0    40534
read      383.1   509.7    74.4   119.9   135.4   272.3   379.8   461.5   565.0   685.6   818.2   943.3  1159.7  6083.5 27959.9  35660.8    35646
read      380.9   383.5    74.4   118.8   133.1   251.1   335.5   400.8   464.9   633.4   974.6  1198.5  1477.4  2145.3 10753.7  52675.4    52657
read      357.1   413.9    74.4   125.4   142.0   275.5   346.3   392.9   430.0   476.6   546.4   775.7  1910.9  3107.4 12196.7  95554.4    95192
read      288.3   238.8    74.4   119.4   133.5   258.8   324.1   363.2   391.0   423.6   464.1   521.9   701.8  2490.0  7094.3  74668.2    74804
read      293.4   316.8    74.4   121.6   136.4   258.4   324.0   363.7   392.5   426.7   469.4   534.1   718.4  3180.1 12517.3  87495.0    87490
read      398.0   346.1    80.4   125.7   141.1   289.6   395.1   468.7   566.2   760.4   896.0  1033.4  1251.6  2717.9 10774.2  28916.4    28800
read      427.5   501.9    74.4   123.7   138.2   271.6   359.2   423.0   482.7   607.3  1188.4  1477.8  1823.6  3582.4 12029.6  49705.2    49698
read      404.7   456.0    74.4   123.2   138.9   267.3   357.9   430.5   504.9   699.2  1010.4  1228.5  1534.4  3962.7 11757.6  50094.6    50041
read      369.2   439.3    74.4   124.7   142.0   315.5   408.6   471.2   512.5   555.0   607.2   688.5   911.1  5929.5 10815.5  17885.4    17875
read      318.2   341.3    74.4   121.1   135.6   262.2   331.8   373.7   405.8   445.4   498.7   598.8  1542.7  3690.2 11297.7  78370.4    78367
read      395.9   444.3    74.4   121.5   137.7   275.7   381.2   458.3   552.2   720.4   887.5  1037.2  1288.4  5221.3 12291.4  36526.6    36434
read      364.0  1164.5    86.8   149.3   173.1   272.9   317.0   343.9   363.0   384.8   414.1   469.5  2302.2 25024.0 37462.7   6381.8     6363
read      424.9   589.9    80.4   129.8   148.5   320.3   432.6   527.4   607.7   698.0   820.4   939.8  1263.6  7049.4 31275.6  23402.4    23346
read      332.9   352.1    74.4   122.5   137.6   275.7   350.8   394.9   427.0   466.3   521.9   627.7  1634.5  3681.6 11390.3  62568.2    62696
read      303.2   253.0    74.4   122.7   137.6   266.4   335.8   377.6   408.3   446.4   494.5   572.2   810.5  2613.5  6452.2  87159.8    87107
read      396.0   402.5    74.4   122.3   137.9   274.4   361.2   425.7   484.4   607.9   958.7  1199.8  1552.8  3388.8 10328.3  46346.6    46309
read      356.8   394.6    68.9   126.2   143.0   277.5   349.3   396.3   433.4   480.3   547.3   738.6  1785.0  3846.5  8920.5  98667.8    98551
read      303.6   239.8    74.4   124.6   140.2   267.9   336.3   378.0   410.2   448.6   497.3   573.7   789.5  2485.0  9348.0  96004.6    95817
read      406.1   418.4    74.4   123.4   139.8   288.0   389.3   462.4   540.9   700.4   925.7  1112.2  1416.3  4570.6 10726.2  39077.2    39092
read      413.5   505.2    74.4   123.0   140.2   296.3   419.9   520.4   626.7   752.9   871.3   998.7  1237.6  5604.5 13620.8  31270.8    31160
read      434.8  1139.9    80.4   133.4   153.2   321.7   409.9   465.8   503.1   548.4   604.3   686.3  1961.7 14498.0 37729.4  11619.4    11597
read      437.8   912.4    80.4   127.4   144.0   323.9   431.8   506.3   564.0   623.5   691.9   836.9  1893.5 12181.2 36134.3  18825.0    18742
read      390.3   882.6    80.4   127.7   145.4   310.4   394.1   444.0   478.9   518.0   567.4   640.8  1128.5 11930.5 31826.7  13896.8    13749
read      334.4   324.2    74.4   126.2   142.1   276.2   347.1   392.0   427.0   470.3   531.8   649.5  1687.1  3110.9  9021.2  91463.0    91427
read      309.5   327.8    74.4   121.7   137.0   273.0   342.7   385.0   415.3   451.1   495.8   565.2   792.8  3910.0 12170.0  69623.2    70003
read      311.5   245.9    74.4   122.6   138.0   281.0   353.2   394.5   424.4   459.4   503.7   576.7   807.2  2849.8  8010.1  59712.6    59989
read      368.6   493.2    80.4   129.7   147.0   310.0   389.2   439.1   476.8   520.1   575.8   661.9  1245.4  6411.4 21271.8  14107.0    14167
read      313.5   360.2    74.4   121.3   136.0   264.4   333.3   375.2   406.9   445.6   496.2   582.4  1360.8  3333.9 12468.3  80806.6    80605
read      394.4   965.8    80.4   128.2   145.6   304.5   379.8   427.3   464.3   505.0   556.9   636.6  1312.5 13640.3 32722.4  13390.6    13330
read      328.0   335.1    74.4   122.8   138.0   270.2   342.1   386.7   420.3   461.4   518.7   628.6  1669.8  3184.2 12156.9  77525.6    77606
read      308.8   273.3    74.4   121.1   136.4   273.7   344.2   387.2   418.2   454.4   498.8   568.2   836.3  3466.0  8718.9  61015.4    61270
read      316.5   416.6    74.4   121.6   137.0   273.9   344.5   386.8   417.4   453.7   499.3   571.3   874.7  5652.8 12781.6  62976.2    63008
read      363.1   628.5    80.4   127.3   144.9   309.8   386.1   433.7   470.0   513.7   568.6   646.2   901.7  8610.1 31422.1  14638.8    14569
read      361.5   413.6    74.4   127.7   144.5   284.8   355.0   401.5   439.9   490.8   567.3   760.4  1818.5  3382.7 12390.3  94448.2    94656
read      316.8   293.0    74.4   125.8   141.5   273.9   347.2   392.7   425.8   465.8   521.2   610.8   884.5  3307.7  9365.5  89830.6    89684
read      415.6   457.7    74.4   124.0   140.5   287.5   393.3   481.2   589.9   783.8   942.2  1103.7  1463.6  3893.1 12796.6  36996.6    37112
read      298.2   444.9    93.8   159.4   184.9   263.8   293.0   311.0   324.0   342.3   368.3   417.0   742.4  7625.0 20053.8   5164.4     5097
read      407.4   433.8    74.4   127.0   144.1   297.6   407.3   490.0   588.9   721.3   884.3  1026.1  1267.1  4106.6 10926.8  31785.2    31893
read      307.4   261.0    68.9   121.2   136.1   262.1   330.8   372.6   404.1   443.1   492.1   577.7  1299.5  2152.7  7179.1  75117.6    75216
read      299.2   271.5    74.4   121.6   136.1   264.2   331.3   372.5   403.8   441.3   488.2   560.3   802.6  2269.5 10678.1  82012.0    82094
read      356.5   335.5    74.4   120.9   135.7   265.3   341.3   396.0   439.5   499.0   656.9  1105.9  1439.8  1884.9  9872.9  53007.4    53208
read      395.2   377.9    74.4   121.9   137.6   271.2   374.2   456.5   574.0   777.1   930.6  1071.4  1275.5  2566.7  8730.1  38184.8    38167
read      310.5   290.2    74.4   120.6   135.1   266.7   336.8   379.1   410.2   447.2   494.5   574.3  1290.4  2926.0  8397.7  65646.2    65479
read      392.8   394.5    74.4   123.7   140.3   296.5   410.4   496.0   587.5   688.0   816.3   942.3  1157.6  3016.3 11660.0  32101.8    32039
read      395.0   392.6    74.4   121.2   137.0   265.5   352.2   422.9   493.9   706.8  1004.0  1199.9  1460.4  2160.8  9849.6  48499.2    48546
read      305.6   282.7    74.4   120.4   134.8   258.5   326.9   369.5   401.7   440.3   490.0   571.4  1277.0  2538.6  9824.4  77601.2    77503
read      376.2   330.6    74.4   121.6   137.2   266.1   355.1   423.9   485.6   640.3   905.0  1080.9  1308.6  1858.2  8235.7  43627.6    43743
read      307.5   656.4    86.8   151.8   176.5   268.1   306.2   327.7   342.2   361.4   387.2   429.2   663.5  7880.0 31762.7   5689.4     5641
read      409.6   393.0    74.4   126.5   143.4   276.9   370.1   445.6   524.2   708.9  1007.7  1226.2  1527.5  2746.2  9955.4  47405.2    47397
read      393.0   374.9    74.4   124.2   140.7   271.5   367.4   445.0   539.6   697.1   932.8  1118.1  1366.2  2496.1  8905.4  43707.8    43698
read      327.1   380.5    80.4   133.8   154.0   293.4   352.1   391.0   417.7   448.3   488.0   548.5   828.1  4050.9 12876.5  12164.4    12190
read      324.1   385.4    80.4   134.7   155.7   291.7   350.2   387.4   413.1   442.3   484.5   548.3   714.7  6491.6 19538.5  12305.2    12327
read      399.7   409.0    68.9   124.7   141.9   275.8   374.6   458.6   558.1   705.2   921.7  1108.8  1368.3  3652.6 10962.9  38575.0    38512
read      373.9   384.0    74.4   120.0   134.9   247.0   325.3   386.7   442.4   572.8   926.7  1228.5  1565.5  2156.0 10793.2  60145.6    60192
read      342.1   914.2    86.8   146.5   169.2   258.3   295.1   315.8   331.0   348.0   373.1   425.0  2403.8 11347.7 31966.6   6166.2     6176
read      384.3   645.5    63.8   123.8   141.1   309.6   401.4   466.3   516.3   570.1   633.3   733.9  1139.3  8898.8 31382.6  19059.6    19191
read      316.7   379.0    74.4   116.6   130.6   248.0   313.0   356.1   391.2   433.3   490.8   657.8  1551.7  3279.9  9394.4  66734.0    66648
read      399.4   898.4    68.9   122.1   139.2   299.4   378.2   429.8   466.8   508.3   562.1   664.5  2541.4 13420.7 31900.2  16734.0    16609
read      300.6   302.6    74.4   118.0   131.9   249.7   314.2   354.3   385.8   424.4   473.6   562.0  1418.0  3198.4  8392.8  80315.0    80578
read      368.2   344.6    68.9   117.7   133.0   259.9   362.1   435.9   518.5   650.6   819.9   981.4  1226.7  3461.1  8656.7  39641.8    39780
read      301.3   349.9    74.4   118.5   132.8   250.9   313.9   352.6   384.0   423.2   473.6   564.8  1408.3  3348.9 10807.2  94272.4    94059
read      352.7   485.1    74.4   118.3   134.4   291.7   377.3   435.9   485.7   540.8   605.2   705.4   978.7  4873.4 24844.7  23018.6    23112
read      383.0   669.4    74.4   119.7   136.1   300.5   396.9   466.3   522.7   583.1   653.4   766.9  1086.4  9125.1 32113.2  23753.0    23672
read      385.7   405.6    74.4   117.6   132.7   266.3   374.0   457.9   565.5   696.1   856.0  1005.1  1277.8  4854.9 10685.7  38724.4    38799
read      390.1   521.0    74.4   117.3   132.4   256.9   353.2   428.6   517.4   704.0   919.6  1079.9  1340.0  5886.2 15998.2  42834.8    42936
read      368.9   537.9    74.4   118.4   134.6   297.3   392.8   460.7   514.4   569.5   632.4   730.7  1014.4  6832.9 25597.3  24463.2    24354
read      362.3  1324.9    86.8   149.4   173.3   253.8   288.6   308.1   321.0   339.6   366.1   423.5  2899.9 30621.7 37207.1   5632.6     5606
read      395.4   652.5    74.4   122.8   139.7   310.7   413.3   488.0   542.9   600.9   671.1   790.5  1242.1  8625.8 30549.6  27113.8    27274
read      340.7   383.4    74.4   119.6   134.8   253.9   324.8   375.1   416.8   468.0   559.3   997.9  1487.0  3934.2 10073.0  62162.0    62174
read      301.3   332.3    74.4   120.8   135.8   264.9   333.1   374.0   405.0   440.8   482.6   544.0   742.1  3649.6 10148.0  64080.6    63926
read      343.7   395.1    74.4   117.1   132.3   252.7   327.0   381.0   425.0   480.7   611.7  1037.7  1403.9  2806.4 13394.5  57220.6    57264
read      304.5   313.0    68.9   119.0   133.8   255.2   320.6   361.5   393.3   432.3   483.1   571.9  1302.3  2941.7 10611.9  93499.0    93437
read      389.5   813.9    74.4   118.7   134.7   290.9   389.0   459.6   523.7   592.7   671.6   799.2  1094.6 11806.6 35741.9  27426.4    27501
read      381.5   445.2    74.4   118.4   133.0   245.3   320.3   382.0   439.4   560.4   968.2  1269.7  1675.7  3853.9 10230.7  62586.2    62611
read      293.4   323.1    68.9   118.0   131.7   250.2   313.9   353.1   383.3   420.6   467.0   540.5  1087.1  2929.9 11434.6  87233.6    87261
read      285.5   251.8    74.4   117.0   130.9   253.7   316.9   355.4   385.1   421.4   463.3   524.2   730.0  2301.2  7987.8  74571.8    74638
read      375.5   398.5    74.4   117.5   132.2   250.6   333.8   400.3   458.1   593.3   922.4  1166.7  1487.3  4046.0 10591.2  52578.0    52626
read      380.2   347.4    74.4   118.4   133.6   256.6   349.0   425.8   504.9   693.8   933.9  1102.8  1346.7  2541.4  7661.9  45832.2    45815
read      378.0   448.4    68.9   117.2   131.4   246.3   324.7   389.9   450.7   597.2   965.7  1217.4  1522.1  2877.7 13218.0  57321.4    57513
read      321.3   342.1    74.4   128.4   147.9   296.2   354.5   386.6   408.9   433.2   463.9   515.4   755.1  5758.1 10184.9  12717.0    12626
read      365.4   275.5    74.4   123.4   140.2   310.6   406.3   475.7   528.8   587.8   665.9   800.1  1014.9  2440.9  8373.3  27685.2    27551
read      386.7   465.0    74.4   120.8   136.6   252.9   335.3   399.6   460.5   587.5   904.7  1263.9  1674.4  2930.1 16430.5  61074.2    61042
read      357.2   272.0    74.4   121.6   138.7   311.4   404.3   468.8   516.1   569.5   633.8   740.1   957.0  2398.2 10678.1  28963.4    29028
read      367.0   389.5    68.9   119.8   135.4   240.4   308.4   362.4   416.0   516.9   819.8  1274.1  1752.0  2259.1  9474.4  80162.8    80136
read      326.8   273.2    68.9   124.7   143.1   303.2   369.4   412.8   442.4   474.8   515.3   582.3   722.9  3807.0 14287.7  18179.2    18104
read      352.3   274.9    74.4   120.0   135.9   297.8   390.6   457.7   512.8   574.5   652.7   765.3   979.1  2718.4  8536.5  27559.0    27567
read      372.2   332.4    68.9   119.2   135.0   258.7   356.9   431.2   516.2   659.3   865.2  1053.1  1282.5  1770.2  9216.0  44681.4    44603
read      330.8   222.4    68.9   125.5   143.3   306.0   375.8   422.8   454.6   490.9   536.7   606.2   755.6  2381.1  7807.7  19099.4    19147
read      366.7   376.6    74.4   120.7   136.3   241.6   312.8   369.0   422.6   522.1   816.6  1252.8  1722.5  2222.5  8028.3  75679.0    75769
read      370.2   375.2    68.9   119.5   135.1   245.5   322.2   382.8   439.1   565.5   903.5  1209.8  1543.8  1951.9 10284.0  63244.8    63022
read      370.8   363.1    74.4   120.3   135.9   247.0   324.5   386.0   441.9   553.1   860.5  1234.8  1602.7  1996.8  7637.7  64297.6    64295
read      375.2   394.3    74.4   123.9   140.9   248.1   317.4   373.6   430.5   539.2   818.0  1259.4  1824.3  2352.7  8394.6  88861.2    88937
read      337.0   234.8    74.4   122.8   140.0   307.8   383.7   435.3   470.5   513.1   568.1   651.1   821.4  2008.6  8130.1  22149.4    22269
read      330.8   279.7    74.4   124.0   142.0   304.2   374.0   418.9   450.2   485.2   531.4   602.7   750.0  3251.5 11451.3  19146.4    19074
read      476.6   519.2    68.9   133.3   154.4   296.9   402.5   496.8   592.4   769.3  1073.1  1669.0  2301.2  3194.2 12695.8  94899.0    94758
read      497.2   566.6    68.9   133.4   154.5   303.2   424.7   523.8   624.0   812.2  1087.6  1792.8  2426.7  3158.8 14558.4  98172.0    98082
read      303.7   378.9    80.4   132.7   153.2   281.3   329.0   354.7   371.8   393.9   422.5   466.2   588.7  6713.8 15463.2  10017.8     9980
read      333.7   301.6    74.4   131.9   152.7   300.9   363.9   404.2   435.2   474.4   525.8   593.9   753.1  4329.3 10784.6  13518.4    13450
read      503.0   543.1    68.9   134.2   156.8   309.7   431.0   533.9   638.6   837.7  1104.3  1783.1  2368.5  3153.5 12213.8  97337.2    97323
read      364.2   397.3    68.9   119.1   134.0   238.4   305.0   354.1   399.3   473.2   738.8  1336.6  1875.0  2343.9  7529.0  78234.2    78286
read      403.2   447.7    68.9   125.5   142.8   258.9   334.7   399.1   467.9   605.1   942.3  1394.2  1943.6  2666.1 13041.8  91561.2    91494
read      372.2   364.1    74.4   119.2   134.6   247.2   329.5   396.1   458.8   588.6   883.1  1200.2  1525.6  2149.6  6966.1  61017.2    60953
read      370.4   382.4    74.4   119.2   134.8   246.5   323.7   384.9   442.0   556.7   864.4  1219.5  1603.2  2232.9 10538.6  64518.2    64769
read      373.3   367.9    68.9   120.5   136.8   250.9   333.5   399.8   464.0   583.7   840.6  1183.7  1575.1  2035.6  9391.5  65771.8    65928
read      371.1   399.7    68.9   119.7   135.7   245.6   319.4   376.2   431.9   538.5   846.6  1237.8  1695.3  2249.8 11979.9  73434.4    73595
read      307.8   318.9    74.4   133.7   155.1   290.1   340.7   368.1   387.6   409.6   436.9   475.4   589.7  4702.8 16484.8  11010.8    10879
read      342.5   298.8    80.4   128.0   147.3   302.7   372.2   421.2   460.3   508.0   569.2   653.6   835.3  3772.3 11965.0  15987.6    15951
read      396.4   388.1    68.9   123.8   140.4   266.9   352.8   420.6   484.4   637.6   979.7  1260.2  1577.3  1991.6  9062.8  51349.8    51298
read      396.4   361.1    68.9   124.5   141.8   271.5   362.5   433.5   510.4   668.4   956.1  1206.8  1492.8  1967.6  7965.6  50879.4    50931
read      376.9   383.1    68.9   120.4   136.6   251.2   330.2   394.6   455.8   579.6   873.1  1227.0  1618.5  2030.5  9675.9  63599.0    63781
read      372.9   386.6    68.9   122.3   138.3   243.8   313.1   370.2   425.2   530.6   836.5  1273.8  1809.6  2347.2  8730.1  85664.0    85808
read      373.7   389.7    74.4   119.4   134.5   248.1   329.7   394.0   455.3   588.5   896.8  1206.4  1549.1  1967.2 11174.6  60855.4    60668
read      350.1   281.3    74.4   121.5   139.1   314.4   399.5   455.9   496.8   542.6   597.2   692.0   905.2  2490.2  9588.1  25751.0    25661
read      346.7   253.7    74.4   121.4   138.3   307.9   391.1   449.7   494.7   545.4   612.6   712.6   910.8  1508.8  8292.3  24589.2    24547
read      338.5   287.4    74.4   123.4   141.2   309.7   384.3   432.7   466.5   506.2   555.7   632.5   793.3  3873.6  9845.2  20590.4    20429
read      372.5   355.1    68.9   119.8   135.5   250.5   334.0   399.0   464.9   590.5   867.6  1185.4  1531.9  1954.7  8286.7  62640.2    62609
read      375.7   390.8    68.9   118.9   134.8   253.8   344.5   414.7   486.2   633.0   895.7  1134.2  1391.6  1985.8 12523.7  50819.8    50931
read      375.4   368.8    74.4   120.4   136.0   252.0   341.7   411.2   482.0   624.4   888.2  1152.9  1446.2  1982.4  9765.4  55704.4    55693
read      317.3   274.2    74.4   126.4   144.5   296.3   358.7   396.8   422.9   451.1   485.1   539.3   686.7  3276.6 11105.1  15856.0    15835
read      370.3   396.3    74.4   122.8   138.8   242.6   310.4   365.9   421.9   530.1   814.7  1252.7  1791.1  2313.0 10844.0  87267.0    87356
read      376.0   376.2    68.9   119.8   135.4   255.5   352.6   426.3   507.4   648.2   871.1  1093.0  1359.1  1863.6 10846.0  50431.8    50601
read      364.4   304.6    68.9   120.6   136.8   294.1   396.9   471.6   535.6   610.6   701.5   860.0  1070.4  1564.2  8386.7  32958.6    33170
read      374.2   361.2    68.9   120.0   135.4   252.5   343.5   416.6   492.6   629.1   867.9  1139.1  1444.7  1864.0 10200.8  56687.0    56619
read      383.5   414.1    68.9   124.6   141.0   248.2   318.8   378.3   437.9   564.5   867.4  1299.0  1863.0  2564.0 10179.7  90895.6    90702
read      373.2   331.8    68.9   119.6   135.0   254.8   354.1   430.4   515.4   661.8   866.0  1077.4  1332.0  1925.6  7549.8  49686.6    49836
read      368.6   391.3    68.9   121.1   137.1   240.2   308.9   366.3   422.5   537.3   835.2  1248.3  1752.6  2274.2  9770.2  83612.4    83529
read      374.3   335.2    74.4   120.8   136.5   262.1   366.8   447.1   531.9   651.9   829.5  1046.8  1289.0  1723.0 10431.2  48696.4    48647
read      377.2   335.4    68.9   120.5   136.7   262.2   364.3   443.9   527.2   651.5   838.2  1073.0  1359.9  1935.0  8690.3  53842.4    53905
read      368.6   371.5    68.9   121.1   137.3   244.6   317.8   378.8   436.5   548.4   801.5  1217.8  1715.7  2222.6  7988.6  79997.2    79874
read      382.6   412.8    68.9   125.3   142.1   249.5   319.9   380.4   439.2   562.5   853.8  1285.3  1839.3  2360.1 10376.4  88992.0    89216
read      379.5   354.0    68.9   124.6   140.8   258.8   354.1   429.4   504.0   649.3   881.0  1113.3  1383.7  1929.3 10744.6  52814.6    52739
read      381.3   320.2    68.9   123.6   140.3   281.1   390.2   469.8   548.6   650.7   795.4  1006.1  1256.5  1968.6  8559.5  42961.6    42991
read      524.2   549.0    74.4   141.8   166.5   332.5   464.0   573.5   685.5   889.0  1136.9  1769.7  2374.5  3146.1 13402.0  92706.2    92682
read      380.6   398.0    68.9   122.3   138.6   251.5   324.5   382.8   438.6   540.1   831.3  1310.8  1818.2  2376.8  9898.0  74673.6    74803
read      384.6   396.5    68.9   123.2   140.0   253.9   328.6   388.2   447.0   556.9   862.8  1322.2  1803.4  2272.5  8612.8  74181.0    73997
read      325.3   212.8    74.4   130.0   149.1   305.5   368.6   407.3   435.9   465.2   502.2   562.1   717.0  2940.7  7854.1  14728.4    14760
read      386.9   402.0    68.9   124.6   141.4   254.1   329.2   389.1   447.6   555.0   884.5  1327.9  1813.1  2347.0  9801.3  75895.4    75787
read      498.7   552.0    68.9   137.8   160.9   315.4   432.2   527.7   629.7   810.5  1102.0  1719.7  2297.4  2990.4 16163.6  89591.8    89696
read      388.6   394.2    74.4   121.6   137.9   264.8   359.5   431.5   502.7   658.3   927.0  1176.7  1464.7  1832.0 11947.5  50078.8    50193
read      329.9   239.0    80.4   129.9   151.0   310.9   377.2   415.5   440.8   467.3   501.7   558.6   699.9  3641.5 10531.0  14644.2    14590
read      392.5   384.8    68.9   122.6   139.6   267.0   355.7   427.2   494.4   629.0   903.6  1230.1  1587.9  2187.4  9980.5  58457.4    58694
read      594.5   667.4    74.4   158.0   185.1   340.7   486.1   635.4   890.0  1243.7  1508.5  1752.6  2741.4  4430.1 16927.2  97867.8    97864
read      365.8   292.0    74.4   119.3   134.5   271.3   376.6   451.8   530.9   641.1   778.0   954.6  1175.5  1648.9  6892.9  35623.0    35585
read      381.8   409.9    74.4   123.9   140.4   249.2   318.0   373.5   429.0   532.2   853.4  1345.9  1850.6  2401.4 10210.9  80775.4    81062
read      314.6   413.3    74.4   132.0   153.0   294.6   346.7   375.9   395.2   419.1   450.1   495.6   626.2  4120.2 14148.9  11641.8    11512
read      314.7   278.2    80.4   135.8   158.2   294.9   350.2   380.4   401.2   427.5   460.7   511.7   642.9  3933.3 11491.5  11166.8    11317
read      386.8   405.2    68.9   122.6   139.1   254.5   334.5   398.1   460.7   585.6   917.2  1276.7  1679.0  2780.2 10752.7  64412.6    64435
read      383.6   370.1    68.9   121.7   138.0   258.5   345.6   416.1   486.5   633.1   909.7  1188.6  1506.3  2053.8 10239.4  56466.6    56423
read      333.7   267.2    74.4   125.9   144.2   306.1   378.8   424.6   456.4   491.0   533.0   599.4   750.6  3403.7 10457.8  18005.8    18025
read      369.8   319.6    74.4   120.6   136.8   286.0   388.4   468.1   546.1   636.6   744.2   908.5  1098.6  2325.4 10729.1  31230.4    31245
read      313.1   284.4    80.4   138.0   160.9   289.7   339.3   367.1   387.4   411.6   445.4   500.8   723.6  3957.3  9191.7   9716.6     9790
read      408.9   389.0    74.4   127.6   145.0   280.2   374.1   447.1   524.0   696.5  1001.0  1227.3  1520.1  1943.9 10711.8  46576.0    46608
read      377.8   405.8    74.4   124.0   140.7   247.2   316.2   372.8   429.8   537.1   826.6  1286.9  1849.9  2506.4  9922.9  87300.4    87166
read      373.6   396.5    68.9   122.0   138.5   244.1   312.0   367.7   423.0   528.9   821.6  1298.0  1828.2  2355.3  9182.0  86429.2    86399
read      334.5   299.1    74.4   125.4   144.0   307.8   377.3   423.2   454.8   488.2   529.7   596.4   763.4  3384.1 12254.3  19212.4    19131
read      300.6   427.5    86.8   146.1   169.3   278.9   318.6   339.7   355.0   372.5   397.0   440.4   581.9  5427.8 24307.1   7580.8     7624
read      407.4   354.6    80.4   128.1   145.7   285.0   383.7   457.7   546.6   736.0   975.9  1156.9  1388.6  1981.8  8786.8  38095.4    38097
read      393.6   322.1    74.4   129.7   148.0   308.9   410.5   492.7   573.7   673.4   796.3   956.2  1159.6  2154.8 10744.4  27207.0    27259
read      373.1   400.9    63.8   122.6   138.9   243.6   309.3   362.7   415.7   518.3   828.7  1310.6  1826.8  2372.9  9745.4  86020.0    85844
read      312.4   284.2    80.4   135.4   156.9   294.5   346.2   373.0   392.4   415.7   447.2   496.9   637.1  4256.1 10717.6  10867.2    10774
read      381.9   417.2    68.9   121.2   137.2   252.6   331.4   391.8   450.0   564.7   917.4  1259.5  1657.6  2368.8 10289.6  63285.4    63280
read      366.9   287.0    74.4   120.3   136.4   292.1   393.4   470.7   542.6   623.3   724.5   894.6  1091.4  1595.7  8514.9  32459.8    32480
read      374.8   340.2    68.9   120.6   136.4   253.0   341.4   408.9   473.6   613.9   890.0  1168.0  1483.8  1830.7  7308.6  56893.0    56720
read      379.2   411.9    68.9   122.3   139.0   249.5   322.7   382.2   439.3   548.3   864.1  1277.5  1771.3  2271.5 12709.2  75023.2    74999
read      383.9   340.9    74.4   121.8   139.1   278.9   384.5   463.3   549.5   671.2   831.7  1026.3  1265.1  1782.3  8730.6  41832.8    41951
read      504.5   563.7    68.9   135.5   157.7   307.7   430.7   534.7   638.7   831.6  1099.1  1793.5  2470.7  3251.3 14450.6  97012.2    96963
read      292.1   420.3    86.8   152.2   175.8   266.3   297.7   316.4   329.9   344.7   367.1   407.9   570.5  8143.7 15850.9   5391.6     5389
read      419.2   463.3    68.9   128.4   146.7   268.3   349.5   418.0   490.8   633.8   966.7  1460.5  2030.0  2741.7 12582.1  90185.6    90227
read      377.4   309.1    74.4   121.3   137.7   291.1   397.5   475.6   555.4   651.9   769.7   943.3  1157.0  2237.3  9762.3  35753.4    35880
read      296.8   393.9    86.8   150.2   175.9   275.6   311.9   331.8   345.6   364.5   389.2   432.9   584.6  4231.1 14721.1   6616.4     6590
read      414.2   371.1    80.4   126.8   145.0   290.6   391.0   471.3   567.9   721.5   971.0  1189.5  1465.8  1916.8  8575.3  41301.4    41358
read      301.3   496.6    86.8   153.7   178.5   270.5   305.5   323.8   338.4   355.8   378.6   425.5   631.3  6366.4 16057.6   6116.6     6103
read      402.3   365.0    74.4   126.0   144.4   299.7   403.1   487.6   580.3   702.4   886.4  1040.3  1265.7  2633.2 12198.4  32499.2    32563
read      345.2   298.5    80.4   131.9   153.7   311.3   383.2   429.4   462.0   500.9   557.3   640.4   809.9  3204.4 10755.4  16325.2    16249
read      381.6   324.1    74.4   124.7   141.5   298.7   388.9   464.6   567.0   683.9   797.6   932.1  1094.1  2046.9  9278.1  23676.2    23684
read      393.8   386.6    68.9   121.1   138.2   275.3   375.9   457.3   544.1   668.8   871.6  1124.2  1418.5  3516.6  9798.2  46777.8    46855
read      376.5   375.0    68.9   120.0   135.8   254.1   340.2   407.3   475.2   606.4   873.2  1179.8  1503.1  1962.1 10478.2  58705.6    58853
read      315.9   277.3    80.4   127.3   146.1   297.0   355.7   389.3   413.5   441.9   473.5   529.7   678.5  3526.9 10421.6  14766.8    14980
read      373.1   395.1    68.9   119.4   135.2   246.9   321.5   379.7   434.0   539.5   852.4  1271.5  1708.6  2162.8 10242.8  70080.8    70284
read      367.7   334.8    74.4   119.7   135.5   289.6   390.4   466.9   536.3   618.3   724.7   904.4  1098.9  2557.8 12618.1  33867.0    33874
read      342.2   293.4    68.9   124.1   141.7   311.6   384.5   433.2   468.6   508.9   561.3   646.6   848.5  3364.1 10992.0  21187.8    21038

Total QPS = 50304.7 (90548432 / 1800.0s)

Total connections = 64
Misses = 0 (0.0%)
Skipped TXs = 0 (0.0%)

RX 22365462210 bytes :   11.8 MB/s
TX          0 bytes :    0.0 MB/s
Warning! Detected max cpu usage > 95%
CPU Usage Stats (avg/min/max): 99.99%,39.90%,100.00%
